1982 2000
1 2
1 3
3 4
3 5
4 6
6 7
3 8
6 9
2 10
9 11
7 12
3 13
8 14
4 15
7 16
16 17
12 18
7 19
5 20
8 21
1 22
10 23
15 24
7 25
23 26
9 27
12 28
17 29
14 30
14 31
9 32
31 33
32 34
3 35
32 36
1 37
21 38
13 39
21 40
26 41
28 42
38 43
25 44
14 45
2 46
29 47
32 48
42 49
35 50
8 51
37 52
43 53
44 54
8 55
31 56
38 57
52 58
57 59
21 60
29 61
17 62
8 63
42 64
4 65
35 66
60 67
57 68
47 69
51 70
24 71
59 72
8 73
50 74
51 75
55 76
33 77
15 78
61 79
24 80
67 81
4 82
29 83
47 84
70 85
3 86
15 87
19 88
68 89
8 90
72 91
34 92
20 93
41 94
24 95
18 96
66 97
72 98
87 99
70 100
80 101
34 102
63 103
100 104
51 105
31 106
98 107
104 108
26 109
30 110
78 111
61 112
74 113
73 114
76 115
35 116
38 117
69 118
8 119
1 120
97 121
110 122
19 123
59 124
86 125
25 126
55 127
84 128
3 129
108 130
107 131
76 132
80 133
71 134
27 135
84 136
88 137
116 138
15 139
38 140
49 141
119 142
43 143
125 144
91 145
117 146
127 147
139 148
86 149
20 150
20 151
88 152
95 153
109 154
121 155
75 156
136 157
142 158
69 159
5 160
155 161
8 162
158 163
23 164
90 165
60 166
47 167
166 168
136 169
50 170
39 171
116 172
90 173
144 174
57 175
61 176
153 177
39 178
116 179
4 180
110 181
23 182
20 183
100 184
115 185
31 186
127 187
13 188
111 189
111 190
182 191
164 192
117 193
71 194
103 195
91 196
83 197
30 198
134 199
192 200
110 201
31 202
128 203
15 204
44 205
128 206
67 207
160 208
191 209
129 210
190 211
210 212
48 213
182 214
88 215
191 216
114 217
57 218
89 219
12 220
104 221
35 222
105 223
198 224
196 225
163 226
130 227
207 228
36 229
200 230
126 231
146 232
137 233
227 234
109 235
66 236
164 237
225 238
161 239
198 240
186 241
177 242
161 243
111 244
190 245
49 246
128 247
1 248
56 249
193 250
112 251
168 252
217 253
38 254
21 255
218 256
243 257
35 258
27 259
182 260
48 261
260 262
212 263
114 264
116 265
143 266
212 267
23 268
72 269
93 270
262 271
196 272
108 273
2 274
181 275
82 276
69 277
246 278
80 279
194 280
64 281
56 282
233 283
206 284
34 285
190 286
269 287
68 288
140 289
258 290
79 291
183 292
193 293
76 294
117 295
257 296
90 297
193 298
42 299
138 300
59 301
253 302
255 303
267 304
97 305
262 306
16 307
306 308
163 309
143 310
257 311
26 312
58 313
221 314
6 315
277 316
216 317
294 318
148 319
177 320
43 321
152 322
47 323
65 324
66 325
36 326
4 327
64 328
135 329
207 330
147 331
186 332
295 333
96 334
265 335
76 336
11 337
271 338
231 339
99 340
234 341
31 342
265 343
274 344
43 345
100 346
95 347
53 348
148 349
246 350
283 351
66 352
284 353
213 354
127 355
121 356
318 357
290 358
267 359
259 360
169 361
68 362
85 363
340 364
197 365
153 366
153 367
48 368
109 369
93 370
348 371
181 372
360 373
127 374
153 375
329 376
298 377
293 378
140 379
241 380
58 381
182 382
273 383
227 384
364 385
323 386
125 387
190 388
320 389
126 390
325 391
45 392
242 393
125 394
263 395
357 396
337 397
99 398
7 399
25 400
265 401
367 402
278 403
63 404
176 405
356 406
277 407
359 408
175 409
320 410
235 411
267 412
2 413
208 414
145 415
270 416
53 417
45 418
152 419
166 420
161 421
246 422
294 423
185 424
217 425
24 426
398 427
425 428
242 429
289 430
21 431
135 432
236 433
13 434
334 435
154 436
311 437
358 438
40 439
366 440
99 441
122 442
53 443
352 444
366 445
15 446
284 447
176 448
359 449
183 450
129 451
125 452
353 453
191 454
87 455
395 456
349 457
101 458
338 459
395 460
179 461
459 462
352 463
367 464
289 465
368 466
334 467
109 468
337 469
23 470
275 471
72 472
398 473
135 474
99 475
79 476
22 477
288 478
348 479
286 480
5 481
138 482
282 483
105 484
168 485
263 486
450 487
339 488
180 489
433 490
237 491
419 492
171 493
236 494
310 495
315 496
460 497
87 498
218 499
248 500
373 501
192 502
348 503
429 504
270 505
63 506
321 507
446 508
314 509
275 510
270 511
81 512
30 513
276 514
370 515
394 516
112 517
47 518
134 519
220 520
247 521
62 522
121 523
443 524
311 525
368 526
418 527
411 528
60 529
511 530
304 531
263 532
208 533
54 534
126 535
227 536
84 537
154 538
467 539
240 540
123 541
193 542
419 543
85 544
210 545
102 546
83 547
504 548
207 549
284 550
94 551
325 552
114 553
296 554
193 555
81 556
332 557
497 558
164 559
553 560
400 561
549 562
295 563
363 564
83 565
245 566
204 567
252 568
25 569
529 570
140 571
464 572
397 573
392 574
493 575
490 576
209 577
290 578
535 579
272 580
520 581
205 582
328 583
547 584
504 585
136 586
466 587
524 588
58 589
273 590
173 591
276 592
531 593
588 594
62 595
417 596
502 597
537 598
567 599
47 600
367 601
19 602
75 603
41 604
160 605
104 606
592 607
228 608
165 609
27 610
363 611
340 612
470 613
269 614
346 615
93 616
552 617
275 618
383 619
260 620
268 621
186 622
333 623
452 624
175 625
317 626
194 627
62 628
461 629
98 630
141 631
364 632
10 633
41 634
228 635
564 636
41 637
507 638
54 639
32 640
362 641
242 642
543 643
519 644
224 645
458 646
437 647
237 648
601 649
18 650
110 651
387 652
194 653
359 654
149 655
220 656
593 657
284 658
409 659
207 660
624 661
402 662
138 663
481 664
613 665
217 666
496 667
268 668
432 669
664 670
375 671
513 672
30 673
239 674
573 675
73 676
663 677
673 678
341 679
117 680
317 681
318 682
87 683
502 684
299 685
239 686
583 687
127 688
312 689
66 690
373 691
79 692
247 693
590 694
156 695
589 696
493 697
62 698
438 699
642 700
613 701
326 702
690 703
608 704
47 705
224 706
26 707
14 708
92 709
288 710
450 711
23 712
478 713
174 714
97 715
363 716
89 717
182 718
668 719
656 720
89 721
128 722
70 723
383 724
436 725
687 726
176 727
636 728
139 729
462 730
418 731
38 732
299 733
399 734
160 735
375 736
351 737
48 738
212 739
359 740
521 741
186 742
323 743
292 744
636 745
283 746
350 747
643 748
588 749
33 750
168 751
210 752
659 753
661 754
160 755
255 756
662 757
684 758
687 759
744 760
731 761
676 762
338 763
405 764
521 765
651 766
709 767
449 768
670 769
318 770
618 771
218 772
504 773
55 774
485 775
320 776
719 777
341 778
591 779
510 780
562 781
365 782
741 783
165 784
714 785
428 786
633 787
573 788
375 789
45 790
295 791
671 792
649 793
206 794
559 795
537 796
154 797
688 798
389 799
507 800
66 801
510 802
594 803
447 804
219 805
594 806
393 807
569 808
594 809
221 810
561 811
129 812
714 813
127 814
265 815
643 816
604 817
69 818
22 819
815 820
537 821
69 822
780 823
135 824
21 825
560 826
606 827
646 828
390 829
443 830
595 831
58 832
729 833
297 834
648 835
388 836
334 837
308 838
170 839
26 840
362 841
84 842
225 843
839 844
418 845
301 846
562 847
376 848
450 849
822 850
176 851
447 852
803 853
584 854
523 855
563 856
609 857
633 858
686 859
393 860
555 861
18 862
595 863
239 864
766 865
620 866
450 867
8 868
190 869
335 870
634 871
455 872
209 873
783 874
375 875
435 876
521 877
722 878
105 879
251 880
250 881
384 882
35 883
738 884
803 885
547 886
311 887
473 888
179 889
139 890
727 891
387 892
87 893
778 894
345 895
607 896
265 897
417 898
395 899
351 900
242 901
791 902
47 903
657 904
785 905
642 906
47 907
834 908
475 909
807 910
280 911
423 912
31 913
861 914
478 915
672 916
345 917
375 918
266 919
27 920
619 921
78 922
530 923
239 924
733 925
461 926
20 927
328 928
450 929
579 930
229 931
410 932
213 933
812 934
786 935
640 936
374 937
883 938
518 939
530 940
98 941
575 942
122 943
556 944
538 945
941 946
35 947
376 948
794 949
667 950
880 951
531 952
789 953
894 954
336 955
657 956
845 957
566 958
551 959
887 960
77 961
877 962
157 963
765 964
904 965
629 966
621 967
590 968
89 969
268 970
870 971
273 972
276 973
552 974
675 975
171 976
303 977
713 978
953 979
385 980
889 981
512 982
478 983
473 984
927 985
229 986
723 987
128 988
399 989
546 990
930 991
951 992
598 993
573 994
364 995
540 996
788 997
37 998
971 999
674 1000
851 1001
196 1002
812 1003
355 1004
379 1005
556 1006
478 1007
749 1008
282 1009
371 1010
749 1011
894 1012
423 1013
375 1014
385 1015
710 1016
535 1017
168 1018
734 1019
553 1020
79 1021
961 1022
49 1023
464 1024
498 1025
856 1026
326 1027
558 1028
484 1029
248 1030
467 1031
710 1032
320 1033
916 1034
213 1035
4 1036
653 1037
445 1038
619 1039
309 1040
563 1041
465 1042
650 1043
87 1044
946 1045
545 1046
567 1047
889 1048
439 1049
59 1050
667 1051
58 1052
200 1053
979 1054
529 1055
229 1056
42 1057
515 1058
738 1059
10 1060
346 1061
327 1062
729 1063
636 1064
680 1065
850 1066
517 1067
621 1068
489 1069
955 1070
982 1071
774 1072
22 1073
434 1074
822 1075
572 1076
238 1077
950 1078
92 1079
287 1080
717 1081
679 1082
116 1083
366 1084
554 1085
952 1086
954 1087
84 1088
399 1089
527 1090
208 1091
1015 1092
577 1093
936 1094
102 1095
2 1096
725 1097
348 1098
656 1099
866 1100
747 1101
517 1102
535 1103
334 1104
592 1105
415 1106
77 1107
808 1108
915 1109
1089 1110
741 1111
501 1112
702 1113
491 1114
794 1115
415 1116
984 1117
345 1118
341 1119
286 1120
675 1121
956 1122
617 1123
450 1124
1037 1125
440 1126
11 1127
592 1128
529 1129
508 1130
1015 1131
791 1132
1039 1133
1064 1134
40 1135
98 1136
981 1137
1051 1138
311 1139
344 1140
367 1141
440 1142
200 1143
932 1144
788 1145
58 1146
515 1147
1007 1148
1002 1149
996 1150
993 1151
800 1152
404 1153
714 1154
1069 1155
91 1156
779 1157
437 1158
561 1159
740 1160
166 1161
1135 1162
420 1163
851 1164
198 1165
1060 1166
922 1167
1125 1168
954 1169
231 1170
47 1171
544 1172
230 1173
455 1174
732 1175
908 1176
557 1177
726 1178
25 1179
103 1180
424 1181
1136 1182
382 1183
417 1184
153 1185
1106 1186
517 1187
588 1188
886 1189
1140 1190
78 1191
382 1192
463 1193
592 1194
831 1195
799 1196
664 1197
988 1198
142 1199
991 1200
561 1201
168 1202
807 1203
930 1204
1202 1205
416 1206
157 1207
1176 1208
161 1209
995 1210
936 1211
386 1212
490 1213
267 1214
485 1215
310 1216
727 1217
1125 1218
1204 1219
771 1220
222 1221
872 1222
94 1223
551 1224
434 1225
919 1226
56 1227
298 1228
1011 1229
990 1230
287 1231
252 1232
389 1233
80 1234
932 1235
1145 1236
983 1237
1033 1238
1204 1239
1205 1240
920 1241
304 1242
709 1243
303 1244
346 1245
1228 1246
100 1247
940 1248
954 1249
1229 1250
936 1251
823 1252
33 1253
712 1254
1242 1255
910 1256
963 1257
1201 1258
1195 1259
416 1260
630 1261
36 1262
1220 1263
915 1264
1119 1265
257 1266
1043 1267
1164 1268
327 1269
441 1270
679 1271
172 1272
1264 1273
730 1274
906 1275
1051 1276
72 1277
1113 1278
593 1279
1237 1280
51 1281
168 1282
412 1283
114 1284
59 1285
636 1286
878 1287
509 1288
286 1289
865 1290
77 1291
297 1292
352 1293
1249 1294
768 1295
319 1296
523 1297
723 1298
75 1299
596 1300
588 1301
364 1302
117 1303
295 1304
726 1305
1301 1306
613 1307
179 1308
173 1309
648 1310
461 1311
480 1312
190 1313
42 1314
181 1315
1167 1316
1161 1317
59 1318
725 1319
792 1320
953 1321
958 1322
1168 1323
642 1324
263 1325
1072 1326
412 1327
754 1328
1130 1329
1285 1330
1110 1331
1280 1332
314 1333
515 1334
37 1335
275 1336
712 1337
56 1338
1118 1339
795 1340
54 1341
226 1342
646 1343
622 1344
154 1345
976 1346
182 1347
1170 1348
520 1349
917 1350
816 1351
78 1352
542 1353
171 1354
202 1355
604 1356
2 1357
528 1358
170 1359
878 1360
754 1361
1162 1362
1008 1363
325 1364
854 1365
1228 1366
1174 1367
780 1368
406 1369
245 1370
267 1371
310 1372
1108 1373
201 1374
1307 1375
695 1376
302 1377
532 1378
878 1379
1342 1380
525 1381
902 1382
155 1383
498 1384
533 1385
847 1386
46 1387
1379 1388
234 1389
1124 1390
907 1391
796 1392
392 1393
1343 1394
1050 1395
842 1396
725 1397
60 1398
722 1399
744 1400
308 1401
501 1402
346 1403
815 1404
1177 1405
1259 1406
1029 1407
1126 1408
1201 1409
938 1410
968 1411
277 1412
452 1413
1208 1414
154 1415
796 1416
748 1417
314 1418
1103 1419
619 1420
514 1421
774 1422
712 1423
713 1424
595 1425
277 1426
1270 1427
976 1428
789 1429
1020 1430
192 1431
395 1432
238 1433
221 1434
644 1435
1314 1436
6 1437
949 1438
1305 1439
610 1440
598 1441
212 1442
608 1443
1277 1444
1343 1445
68 1446
1281 1447
28 1448
917 1449
420 1450
439 1451
119 1452
613 1453
1111 1454
602 1455
720 1456
614 1457
483 1458
111 1459
338 1460
53 1461
1330 1462
893 1463
1043 1464
1004 1465
680 1466
8 1467
171 1468
395 1469
653 1470
591 1471
1315 1472
765 1473
138 1474
850 1475
1360 1476
940 1477
237 1478
115 1479
770 1480
151 1481
928 1482
1318 1483
755 1484
1413 1485
1203 1486
805 1487
1177 1488
1006 1489
1377 1490
873 1491
1189 1492
252 1493
1245 1494
966 1495
56 1496
779 1497
674 1498
392 1499
894 1500
54 1501
77 1502
869 1503
267 1504
485 1505
225 1506
1173 1507
1476 1508
854 1509
1208 1510
426 1511
1293 1512
919 1513
1398 1514
358 1515
1238 1516
843 1517
950 1518
341 1519
969 1520
1510 1521
378 1522
341 1523
448 1524
474 1525
1098 1526
264 1527
530 1528
1048 1529
943 1530
1177 1531
77 1532
372 1533
1487 1534
589 1535
330 1536
633 1537
454 1538
661 1539
752 1540
828 1541
1225 1542
1424 1543
530 1544
1130 1545
611 1546
1179 1547
755 1548
61 1549
861 1550
479 1551
658 1552
171 1553
731 1554
1329 1555
1002 1556
990 1557
1199 1558
130 1559
738 1560
611 1561
1043 1562
642 1563
1375 1564
1255 1565
122 1566
117 1567
1415 1568
1165 1569
1171 1570
1258 1571
209 1572
541 1573
227 1574
116 1575
1296 1576
93 1577
1122 1578
195 1579
487 1580
1058 1581
1248 1582
992 1583
1345 1584
257 1585
549 1586
424 1587
1193 1588
1005 1589
1244 1590
891 1591
230 1592
468 1593
88 1594
1246 1595
619 1596
541 1597
935 1598
637 1599
403 1600
794 1601
663 1602
1432 1603
817 1604
93 1605
85 1606
512 1607
581 1608
311 1609
1357 1610
77 1611
295 1612
710 1613
1453 1614
390 1615
218 1616
1586 1617
333 1618
1563 1619
328 1620
634 1621
1200 1622
1607 1623
693 1624
1447 1625
1310 1626
175 1627
1063 1628
993 1629
1453 1630
477 1631
832 1632
1124 1633
421 1634
110 1635
265 1636
873 1637
1319 1638
405 1639
71 1640
1278 1641
994 1642
308 1643
760 1644
1591 1645
1561 1646
145 1647
1492 1648
785 1649
431 1650
1571 1651
1130 1652
127 1653
499 1654
921 1655
487 1656
174 1657
839 1658
1541 1659
289 1660
467 1661
920 1662
1361 1663
379 1664
39 1665
1614 1666
2 1667
1467 1668
429 1669
901 1670
335 1671
1063 1672
741 1673
743 1674
566 1675
1311 1676
1612 1677
1299 1678
1241 1679
437 1680
1195 1681
1401 1682
1365 1683
1594 1684
1543 1685
165 1686
258 1687
989 1688
738 1689
578 1690
366 1691
525 1692
198 1693
764 1694
1263 1695
20 1696
464 1697
1049 1698
1427 1699
33 1700
182 1701
154 1702
1576 1703
1674 1704
938 1705
1624 1706
1479 1707
935 1708
1034 1709
1386 1710
199 1711
707 1712
1639 1713
28 1714
1199 1715
452 1716
197 1717
1031 1718
1054 1719
127 1720
434 1721
469 1722
1363 1723
185 1724
1392 1725
1670 1726
1495 1727
761 1728
1189 1729
655 1730
1310 1731
1348 1732
1228 1733
666 1734
1080 1735
1618 1736
498 1737
1649 1738
1232 1739
1046 1740
1705 1741
1218 1742
837 1743
1742 1744
586 1745
1092 1746
1233 1747
591 1748
1185 1749
605 1750
1511 1751
121 1752
1314 1753
934 1754
753 1755
772 1756
265 1757
76 1758
939 1759
1380 1760
1743 1761
242 1762
1140 1763
272 1764
241 1765
1718 1766
463 1767
755 1768
1440 1769
545 1770
786 1771
544 1772
168 1773
58 1774
1226 1775
813 1776
1178 1777
623 1778
1120 1779
1741 1780
882 1781
1660 1782
669 1783
729 1784
1200 1785
555 1786
438 1787
402 1788
76 1789
1575 1790
173 1791
182 1792
263 1793
1142 1794
1063 1795
872 1796
218 1797
375 1798
512 1799
352 1800
810 1801
1296 1802
552 1803
154 1804
893 1805
789 1806
599 1807
654 1808
379 1809
1047 1810
1473 1811
1635 1812
1525 1813
676 1814
398 1815
676 1816
449 1817
1550 1818
1081 1819
628 1820
199 1821
1353 1822
1387 1823
148 1824
1231 1825
630 1826
1512 1827
239 1828
102 1829
258 1830
1348 1831
978 1832
1475 1833
718 1834
1489 1835
1547 1836
1013 1837
1651 1838
1116 1839
552 1840
97 1841
790 1842
1087 1843
797 1844
1216 1845
1036 1846
773 1847
1756 1848
315 1849
857 1850
1 1851
526 1852
803 1853
814 1854
327 1855
1846 1856
615 1857
281 1858
121 1859
1453 1860
76 1861
261 1862
853 1863
861 1864
321 1865
212 1866
1189 1867
151 1868
1224 1869
669 1870
727 1871
394 1872
1608 1873
646 1874
717 1875
1514 1876
1155 1877
585 1878
309 1879
780 1880
1002 1881
835 1882
794 1883
31 1884
1822 1885
276 1886
1621 1887
1167 1888
425 1889
801 1890
356 1891
1430 1892
798 1893
872 1894
744 1895
1565 1896
1052 1897
1192 1898
1863 1899
130 1900
1504 1901
1324 1902
1564 1903
1496 1904
854 1905
1053 1906
205 1907
1517 1908
209 1909
1840 1910
1162 1911
1348 1912
736 1913
861 1914
1498 1915
788 1916
1500 1917
1812 1918
1891 1919
648 1920
1597 1921
857 1922
250 1923
317 1924
585 1925
1659 1926
1026 1927
1164 1928
1007 1929
811 1930
461 1931
1055 1932
1608 1933
790 1934
1047 1935
655 1936
1167 1937
1248 1938
1714 1939
111 1940
547 1941
1621 1942
99 1943
1358 1944
1605 1945
914 1946
1786 1947
1366 1948
1383 1949
1154 1950
1480 1951
116 1952
1230 1953
441 1954
280 1955
1641 1956
605 1957
1352 1958
929 1959
1629 1960
1102 1961
1622 1962
1280 1963
724 1964
576 1965
1885 1966
721 1967
348 1968
593 1969
596 1970
1749 1971
787 1972
1762 1973
1169 1974
475 1975
1605 1976
1459 1977
664 1978
882 1979
630 1980
1932 1981
1693 1982
1092 1027
1954 936
1961 524
999 503
53 1037
1977 1154
1732 1948
1186 1937
439 22
1558 972
669 1688
1812 1328
84 1885
680 1470
1182 285
285 552
1564 1516
1874 1877
1290 1612
1622 1796
76 354
1436 664
1159 1798
333 1020
544 1309
213 350
596 1340
777 605
848 603
482 110
1209 795
1916 958
427 1216
563 648
1117 898
276 1936
1728 692
1087 50
1489 1597
1499 1332
446 216
1455 1472
1832 438
762 688
1004 1894
910 1265
997 174
414 1503
1722 1826
1843 1104
315 288
294 712
394 939
64 99
856 911
1467 595
812 1457
1132 1334
823 1480
989 1191
1753 1192
180 1461
1495 406
121 1312
1410 556
639 873
1032 1285
872 117
1890 607
43 1279
1366 505
259 1019
99 748
1780 108
388 1210
1493 932
1812 660
166 345
1854 617
999 1375
1687 1634
1954 1941
1028 1856
973 810
815 1275
569 1247
1536 1301
478 1111
620 1492
481 621
1418 663
1655 1816
1950 1678
1208 1636
1888 1337
1248 181
1947 1726
1374 772
990 867
982 1592
1924 134
1976 793
241 121
798 1119
1440 1169
303 228
1119 892
1962 1979
1593 1595
626 1843
1757 643
1843 1730
1096 391
1276 716
665 1025
1227 167
764 704
1451 407
563 1015
556 1968
1356 1756
711 1060
552 1648
1205 340
1251 1080
987 158
1180 263
1849 1201
1565 94
491 242
955 691
299 147
811 1173
1639 58
645 1358
592 1815
1451 1938
31 205
505 881
1975 1045
1863 1251
522 1695
975 1729
1222 1239
99 95
1709 1510
1845 671
1801 249
137 660
744 1643
1965 1634
1409 811
543 1406
1078 1518
562 1429
1007 1191
1155 372
43 894
718 1980
815 26
1401 119
144 1924
1827 1679
1035 1807
271 199
1665 577
892 580
46 1732
464 905
1192 1677
1621 1320
1143 1721
717 1429
792 329
529 805
419 1734
551 1103
1981 1725
1961 203
941 1826
1672 855
848 1920
1322 713
295 1778
724 1977
585 811
1378 1194
1363 251
917 165
1798 173
1050 389
1912 1104
1269 864
1773 1451
1765 1214
473 1833
1230 433
1846 78
1814 916
559 68
1007 1973
565 1250
434 1752
990 1180
1817 306
1328 1308
1814 1663
1205 1465
1381 1470
874 823
810 183
1758 1638
1438 527
1103 748
662 1353
832 18
1150 532
1875 376
1520 549
1453 1758
572 1667
496 1118
1933 635
955 672
1758 677
553 1846
1708 206
1804 592
1357 751
745 1565
1222 367
771 465
101 1406
244 502
685 96
912 961
1934 1198
1967 1905
809 418
1598 1717
1715 1698
1197 817
1042 296
1923 102
26 961
392 957
420 36
255 1703
249 1556
411 103
1604 494
296 488
669 1161
1825 1070
1288 1065
1290 1480
1137 712
1954 735
927 565
987 228
999 1755
1391 450
1437 1669
1184 309
1657 908
184 1881
970 515
1162 472
55 155
595 492
1168 1673
546 155
1812 1135
712 1047
736 549
383 290
807 1921
206 1145
1591 51
1444 139
97 764
1908 50
1330 1945
1967 528
752 1101
620 1211
1530 1145
1263 1086
1751 1604
987 684
1634 1428
1950 1380
1215 1634
179 628
585 1924
1895 1839
1551 197
949 1903
758 329
236 26
777 116
1222 1091
1489 1748
969 572
1234 1687
174 1925
1436 558
1090 744
803 729
1821 634
1934 27
855 1036
1125 1750
704 541
423 804
406 326
337 1453
214 1571
1298 1119
47 771
1505 1504
719 721
220 1350
868 543
579 855
762 99
1921 763
222 1629
1483 1095
98 827
299 1054
1416 1561
1787 301
506 539
295 1648
1338 760
448 1687
1190 1136
1305 1597
1542 957
711 142
1324 1554
1665 1432
1098 734
42 384
82 327
273 1502
865 1777
912 1936
1317 281
1441 1871
395 1140
1098 1551
1369 1136
1383 1444
1048 254
1533 573
294 1531
1124 65
1340 1583
1780 994
876 1534
1861 915
1929 1617
1383 1041
1100 128
1826 1167
1587 1267
1937 1938
28 1714
6 178
56 377
1815 677
911 1894
1563 1378
1465 1371
956 74
1700 1120
446 1660
168 501
1643 1534
671 1696
1463 1141
1195 1425
73 318
976 621
566 131
1315 1572
79 1612
432 191
1945 739
21 878
1231 1819
1176 912
884 509
1295 863
1379 1463
1122 589
1849 5
417 1950
1666 1038
131 717
1627 283
789 1943
1533 900
1264 509
842 1175
1836 1605
228 969
1917 1454
1573 1148
1957 1101
81 345
683 1000
185 710
1662 1539
1715 48
1081 1328
1956 1501
1843 660
181 416
134 1582
1385 524
1146 1889
411 873
961 1129
703 873
1521 1736
761 1236
1974 157
314 999
264 1386
335 631
213 1721
877 1530
1292 242
829 548
1239 297
555 273
910 844
541 1220
1686 1226
1250 188
1726 650
1694 1849
806 1138
124 1590
250 367
643 711
1812 1112
837 52
159 1878
1280 397
1146 845
267 1653
1124 1325
353 1298
256 1429
1671 906
1256 175
432 41
555 1843
1792 771
1653 288
465 345
1594 1831
196 257
1982 211
1376 1776
1089 298
1867 293
1665 1605
260 840
1760 717
1288 794
1180 1726
1085 853
1510 610
1027 844
1007 1126
434 1629
179 95
195 175
22 1217
960 1363
1029 921
657 1475
1205 1616
821 835
1572 1948
1007 1322
1868 972
1830 880
1254 1702
188 130
1813 1082
31 1165
1710 1721
1626 1111
977 434
712 599
899 494
240 76
1742 662
22 293
1469 76
933 1102
1182 760
318 40
700 181
1963 285
710 908
1161 292
731 1061
1539 1544
813 292
841 1210
100 1887
865 539
694 595
1362 1931
1263 1147
616 164
437 1541
876 1978
1395 1422
696 1193
635 1262
228 1971
1029 103
1370 264
874 1508
1761 920
363 75
184 1060
1642 236
181 1556
1323 887
1906 384
979 499
1977 459
239 521
320 658
964 71
556 1072
1213 298
1868 1940
1812 1588
1008 1504
1597 1658
612 1903
246 1434
274 71
1412 1708
1166 1228
330 1155
822 826
841 1019
76 1349
31 1406
1599 394
1261 1688
661 154
1926 1523
1012 1526
779 73
1331 4
1954 373
1213 1274
982 1661
302 1691
1017 58
6 1151
780 709
1458 1199
963 242
1284 1121
1580 1899
1671 204
1454 802
685 416
1833 1022
1874 1233
1704 467
50 1652
992 1151
334 271
689 605
483 27
237 541
773 1856
723 178
928 501
1555 915
560 1734
1086 1838
276 1444
1223 1418
867 42
1233 3
541 1552
1311 415
603 121
885 297
1951 1902
1934 1976
13 1195
1751 437
229 310
282 406
218 1410
265 201
1920 1851
943 393
1233 752
1209 43
1222 1270
1634 336
1673 1647
949 1854
453 386
171 1044
1238 455
1579 1960
1472 1156
333 1412
487 478
400 247
877 52
575 1500
340 509
429 1824
1548 1632
1855 1376
79 24
1357 968
1890 915
1850 1151
1178 555
1340 1239
1795 386
610 1279
1062 1841
1418 1263
624 1315
1566 1306
1711 942
1155 863
1177 1942
1914 1559
152 1608
1450 635
993 986
1504 1298
784 1273
897 182
409 923
950 1537
1238 895
1150 364
1735 673
1699 108
252 895
761 1761
853 29
188 731
235 195
1430 783
1447 1922
259 375
104 1156
660 1823
273 1166
675 1850
78 341
1536 1523
396 823
519 585
1211 822
990 608
604 715
1494 1838
1485 1686
1781 1125
1232 1370
386 570
33 696
1456 1298
1035 1854
1794 584
1834 1134
662 1866
1736 1189
586 1966
197 275
300 654
863 1795
462 1865
1126 1087
532 1036
1320 390
931 1589
900 502
1658 210
498 1831
1491 1918
1483 116
1065 1869
1876 1976
793 719
762 1576
750 1596
108 744
1280 566
1800 824
1547 906
1126 243
1047 1358
1260 599
409 1697
1643 530
1826 1802
913 410
1396 795
1713 28
1169 42
575 1508
415 987
121 959
617 1198
615 850
95 1108
1488 163
1713 1438
652 1568
1845 1001
1923 349
198 1616
1946 1129
859 1869
7 1084
442 1260
379 838
1958 1161
765 350
1800 319
46 781
1332 1246
619 1330
753 1112
850 1271
1200 1032
562 1545
1957 177
543 1962
1789 1797
1403 1851
943 1755
461 588
531 695
385 1327
902 43
1589 1076
1631 535
1638 631
647 576
1192 996
138 1623
492 593
1425 358
239 1037
997 341
1379 778
1903 547
673 953
762 1210
1264 771
853 683
1091 98
925 1749
1490 756
1001 515
1831 1578
1826 1336
543 153
729 1917
1548 1584
1805 431
1337 695
1395 1067
453 916
1906 1675
1691 216
1910 1965
552 1835
237 417
1426 1650
1232 895
37 1904
206 292
1940 1328
1929 1743
608 909
382 62
1622 1301
1444 1150
1373 235
1682 157
1512 1710
285 688
323 1850
950 1352
206 1074
1065 579
1025 1741
1123 1503
1074 1427
820 456
1319 363
1488 833
1290 1258
1807 1283
1802 1771
1404 113
797 1479
667 602
166 1448
1603 1827
1299 1013
1347 1831
843 702
1592 362
347 1833
1235 1716
1706 1061
1014 1183
495 1624
148 534
714 129
1874 1749
1475 1150
441 1437
1008 1689
959 707
1721 707
1072 1166
686 897
740 12
1375 571
50 1936
636 397
991 908
63 1839
84 1297
533 891
1386 266
637 741
1460 1175
997 701
1802 1159
763 1037
190 1729
1961 1026
26 123
467 1964
821 1855
1621 1878
215 1635
1295 1136
202 1842
1139 237
1818 709
1466 592
1810 1064
42 385
963 1920
659 1783
1033 1962
820 868
176 1706
762 361
827 1097
1618 668
882 1969
399 1464
1962 711
998 58
363 1772
1479 759
663 1710
1457 161
22 1039
632 1615
1484 299
622 1898
48 1322
1765 1104
1467 360
95 1807
1593 1340
1847 8
1644 909
229 1513
886 462
1622 1941
413 992
584 1018
897 1445
725 1161
719 1943
1133 1153
181 120
317 722
1593 405
1296 1231
1196 614
408 1903
860 1605
1351 1871
1709 1794
226 1473
197 299
40 39
1040 1527
795 1069
1699 1879
1502 161
1110 1943
1277 660
183 1725
635 1131
1445 916
926 140
898 946
1468 834
51 433
1767 1092
1451 183
1196 1910
1285 1865
586 785
1277 922
1216 275
976 1850
696 1875
320 1884
1299 1459
257 1184
1340 541
1318 107
1713 35
1451 48
636 413
1772 638
1174 1396
1423 1018
1700 74
412 388
1055 1324
1961 1662
643 225
1027 295
1193 1663
1510 1273
577 156
1429 371
1790 982
1009 535
1669 312
1575 1339
1191 762
1557 202
1405 559
872 68
768 1553
363 417
951 840
558 328
1568 864
1164 1714
1875 1716
1465 1945
1485 1870
734 593
1454 920
1499 846
484 522
1259 570
67 1342
1786 561
190 151
539 290
743 822
1658 1426
484 1305
1196 1158
1170 483
427 35
464 1468
1708 1691
1261 1611
615 191
98 32
1197 684
661 599
1229 252
1442 1481
1170 708
331 1558
197 1722
1491 388
61 1562
1407 1071
878 1085
557 71
1393 806
908 1887
1307 1568
373 267
817 1378
464 332
936 277
902 20
1665 1628
1598 55
244 1702
1040 494
15 1445
1052 774
1477 1014
1603 867
1807 819
87 574
1303 1503
1012 1298
163 1769
251 638
1523 1286
577 349
1188 1315
1312 1776
1662 990
319 87
861 104
505 11
301 1516
1089 1536
275 1824
857 1842
1789 1880
240 592
125 1007
117 228
1591 599
1242 750
177 579
581 632
1771 12
1902 1409
345 964
886 1931
100 1698
1273 950
725 433
253 1645
166 1679
1945 1290
1654 466
1802 1792
1149 687
1400 1160
214 1521
1466 206
1393 268
135 1174
1346 841
190 351
331 1651
398 1351
361 548
1738 537
755 1702
562 834
1881 312
428 1448
538 9
212 1750
760 1254
1075 21
554 464
46 41
1610 192
592 211
1645 1749
206 367
999 304
1204 1595
1867 1043
632 957
807 21
295 945
888 1724
1142 398
1384 886
655 488
1759 626
1473 1861
1234 1845
1686 1080
1728 1967
1630 44
1928 1668
1320 1256
979 913
1533 19
1692 1645
1097 607
1666 310
759 590
304 1036
1411 940
1931 1121
828 1705
463 1312
241 139
1818 1212
4 689
1619 1811
1682 57
810 857
1340 924
817 155
1942 850
1039 314
293 1612
734 1582
1423 350
931 1699
782 1519
263 1372
1232 1745
329 794
1462 443
908 1772
612 307
990 1978
537 321
236 465
972 776
342 694
1232 557
1102 1097
150 1102
1786 1220
1105 651
702 1035
448 1422
1584 1960
1381 893
70 1240
1756 1780
154 889
1598 138
1847 401
1255 765
555 577
1187 1305
686 531
538 1783
1024 1684
1567 1812
1923 1336
1148 827
1642 1835
1501 1434
646 374
529 1341
826 1970
747 1288
1335 1124
1079 1362
1418 716
860 1285
502 352
943 446
1974 1296
643 1312
1534 53
450 826
664 1139
1433 571
934 543
1446 1507
1878 1154
584 1419
436 1932
269 1967
822 1347
579 509
1119 1548
647 236
201 653
872 1747
933 296
1964 435
1654 355
238 1035
1112 1802
1667 100
677 1073
273 1350
377 937
1339 1454
1347 485
1211 1336
1915 408
1948 129
1480 1720
1233 1427
1235 1123
1452 1074
697 85
242 1519
645 1542
704 1507
650 476
1975 580
1452 1669
1121 1321
666 527
449 158
409 928
1239 1183
1533 158
763 363
126 1328
4 1886
871 1275
285 956
1521 1615
453 1943
678 1713
691 900
1709 180
1057 466
94 613
742 255
864 1632
1127 504
688 242
1836 435
1672 1857
1961 1876
1235 1871
1393 1118
14 1320
841 1185
1750 1728
487 891
1422 1549
1675 1283
50 1715
37 713
1982 1036
301 377
23 847
271 4
729 243
123 1241
1355 181
120 548
1100 418
1009 1820
603 49
1698 916
2 1743
758 764
1673 813
422 855
1201 1440
270 1507
486 872
243 524
1002 379
1692 1200
1156 1707
1579 1495
205 1449
1198 1564
191 1508
200 124
613 1184
1435 1632
727 1626
781 1651
1361 574
685 1254
1510 1612
302 1455
372 1247
1763 57
1263 763
768 1631
1044 356
278 670
370 340
85 1734
1838 806
1661 744
1596 1258
1206 802
516 1064
401 1023
182 240
755 578
318 1847
1415 209
244 1958
1453 1000
1881 1108
235 378
1490 519
1595 168
1005 1463
1524 517
1689 144
90 743
1372 1518
1473 1043
423 1071
364 928
40 587
1449 580
1591 1396
82 27
1752 1603
187 177
477 1934
1700 418
1129 1955
1091 605
478 1402
1349 43
1802 446
1539 1626
456 1887
21 1113
643 197
313 528
1312 949
157 572
1947 809
1777 1638
600 1080
514 1905
258 1460
197 1798
1004 304
48 218
1614 1886
1753 900
1799 889
359 1244
416 1534
229 740
396 1299
298 59
425 829
95 1152
1894 1777
256 1327
1303 50
833 104
1535 118
1626 223
765 843
1052 49
923 8
1239 299
1507 1730
1481 980
1732 1919
643 649
1604 1476
1451 1214
947 1814
674 1468
763 1817
879 386
990 245
913 394
1915 680
358 1844
463 603
1786 1470
1059 773
601 756
1226 1392
991 319
388 1819
1740 505
336 1142
1586 1568
1706 1056
744 345
877 1082
1779 492
534 479
655 545
4 1002
1917 339
1022 572
1060 190
1115 1675
1714 1812
142 1014
991 511
1419 1562
1082 1904
1455 1386
483 1118
1557 1504
1968 1271
1369 226
955 1256
316 1578
1179 791
637 1601
1331 456
1699 901
1176 805
920 480
202 499
275 1152
1050 1074
1395 1063
1360 1423
1527 262
1477 1090
1356 1136
1841 500
1520 230
1064 1270
1335 413
1372 265
108 927
1389 677
1534 1937
1759 714
540 185
1776 593
1852 1682
1242 471
802 932
663 1497
265 170
1941 692
1526 1252
1172 988
126 99
663 272
693 1143
785 1695
1388 1917
705 773
1325 226
1601 741
81 1467
282 1060
1826 1823
1692 1634
636 1152
141 288
957 916
215 1335
1683 1262
1769 1287
1753 1254
1825 32
38 876
3 1662
1639 1655
1718 465
1119 1659
1595 493
219 378
371 1310
1392 391
425 195
1172 1424
952 1598
1184 78
1056 455
526 199
1168 1793
1703 1580
1377 226
816 635
1334 1524
1007 1512
1543 1279
1663 84
808 664
1572 839
1025 300
1269 1914
864 1956
236 1717
402 25
215 635
862 45
571 79
1603 910
419 1087
779 546
1096 639
1273 984
1681 1931
1932 320
518 622
1953 1820
661 76
272 984
73 1902
1444 904
787 1397
1005 1685
1088 1358
205 1841
1898 1041
1433 255
204 274
910 1916
1844 684
1761 1957
1564 299
1230 501
90 29
1655 1482
638 426
1867 259
119 1967
794 1003
455 1423
1431 1094
1361 300
738 1517
1305 1502
1670 558
276 503
187 542
1058 199
1518 1182
520 938
379 1017
145 564
1505 440
275 1339
580 836
157 53
1274 432
643 873
1308 450
1590 180
876 1195
662 514
1470 172
1224 199
1599 1836
61 59
517 1163
1404 979
775 214
374 1324
1788 1523
323 1293
1960 587
1880 209
1554 1003
1361 1620
1775 17
893 436
836 427
1083 511
827 297
1105 677
1978 297
1841 849
567 154
483 470
1714 1254
94 481
1650 140
1097 1954
586 1120
1763 820
257 1588
1249 1413
1113 511
467 1208
1422 1664
626 840
1934 1968
801 1361
970 271
1138 130
1186 1188
985 1275
1472 705
116 62
386 847
251 398
1910 1848
1930 1540
1714 18
151 1084
75 1944
1208 1468
352 448
1804 202
492 1419
210 1455
716 1620
1775 848
1168 1911
1746 1178
1320 1397
126 948
670 1147
1232 593
132 1464
1977 1847
916 1199
388 987
461 7
298 907
1880 264
4 1791
849 258
379 1347
634 924
730 27
1585 1899
1157 1819
1614 1292
1801 484
1505 201
1204 1105
1335 1800
1482 1973
175 959
1900 1705
1625 1019
1059 992
1582 1382
1881 1098
1472 1567
195 857
4 1100
1131 306
341 591
1260 586
922 1701
1633 1231
1907 279
867 1634
594 409
621 492
354 820
1285 1259
1411 1282
1075 381
104 1678
569 185
1953 971
5 348
1549 274
977 1891
391 1494
1905 1099
435 1052
771 21
1884 279
1576 1130
1628 887
518 1958
393 1389
28 1747
1639 1895
705 1122
1902 1335
508 66
62 1209
1679 479
1589 462
1210 1355
1231 1979
240 977
1530 935
663 962
842 613
458 742
1262 816
343 876
1067 1258
602 1617
1437 635
792 1519
1577 1835
726 1300
1182 1129
881 115
515 1138
1145 1
1099 1509
1706 432
1409 1826
282 851
386 1002
1939 1079
712 1560
759 1270
494 77
43 1121
760 1394
966 1211
1172 1385
1970 1522
1635 73
1350 1342
1911 1568
122 1106
1069 346
1982 809
947 923
1651 945
1316 70
523 1595
1888 10
869 1573
1060 1405
1751 1673
186 1130
1307 1831
815 862
1094 483
906 1745
460 518
1306 328
1787 1900
1704 732
729 830
355 500
1977 1194
1141 295
707 1822
910 105
599 992
1636 1291
1447 1578
244 613
1584 1465
1503 1801
372 1657
1759 1121
655 573
576 432
40 1771
1305 1915
548 122
793 1622
901 1306
1531 244
1006 1466
904 1594
1419 1516
291 1752
1150 1373
1558 1277
1426 87
511 71
465 381
1544 1510
1010 243
901 1870
1972 323
84 1911
1765 529
1145 1309
1494 214
1317 25
141 594
1058 778
1770 50
1235 166
843 1431
1637 199
1868 1022
1353 976
1048 391
863 914
317 25
246 660
1672 1664
1852 758
246 1257
1192 730
1938 1645
651 1978
530 704
1736 283
546 518
1623 1748
917 413
914 917
1227 867
1805 1010
1729 1244
1480 841
1231 313
1064 899
548 1860
1859 765
1879 140
682 1757
775 1203
1847 1256
182 1269
1015 659
798 328
767 1304
1491 408
1310 338
800 1706
1543 780
1961 1137
1737 469
1533 1966
124 1371
1773 830
447 1147
525 1678
744 643
1498 1375
28 1254
1657 1086
1489 1141
1291 548
1052 1000
1421 7
1675 616
872 1008
1270 873
1400 1741
614 1830
9 1712
1188 721
682 696
1813 966
1784 260
207 635
64 1650
1910 663
1499 1565
580 679
1079 1076
314 1955
266 1873
791 1192
671 69
644 1520
1568 968
771 469
984 1768
542 1829
736 1548
1631 172
306 1049
1879 611
1663 857
220 1822
903 1739
1188 25
1400 1543
329 1701
76 854
1494 1251
1698 1036
158 1320
634 1926
614 1355
1847 835
158 205
1470 1143
1370 1039
821 591
1636 44
1725 1543
1606 574
1886 1349
251 953
1706 1567
605 1288
1173 708
1391 994
746 366
1646 250
353 684
1526 354
862 1145
1109 211
1470 949
911 917
311 1650
722 1878
1829 1259
377 1596
299 1417
804 431
315 604
629 1292
1960 1892
180 1501
720 31
1421 450
962 718
1715 1881
462 1819
1766 1485
1133 1978
1036 413
486 1620
674 1478
407 736
1937 750
1141 83
1143 1671
199 38
1436 1443
475 1645
349 149
1436 497
986 251
674 1318
571 62
796 218
321 422
1426 1381
1845 1959
371 1917
1233 789
1217 109
63 1131
1722 1009
1084 269
1078 265
248 1716
318 741
108 1696
1455 1543
1861 620
288 382
1311 1290
1226 1977
220 964
836 891
39 1776
1332 12
913 205
594 1456
1734 1310
302 1611
755 1032
1540 15
1461 801
408 1373
860 1958
1704 1308
1076 1288
407 1776
381 815
1300 1333
2 1977 1702
1 1904 985 1869
2 897 1050
2 1209 206
2 88 1285
2 243 1430
2 685 185
1 1594 588 42
1 599 987 408
1 1139 1250 600
1 1414 1023 659
2 1643 1473
2 1977 1952
1 178 1604 234
2 122 1750
1 690 313 1045
2 1929 635
2 1697 1927
2 874 1586
2 1943 1825
2 1840 1199
1 921 889 39
1 1935 311 1631
2 1270 116
2 1821 103
1 1420 1206 1965
2 96 1958
1 1365 1766 980
1 103 851 1921
1 968 456 802
2 249 1694
2 364 1506
1 365 640 1536
1 215 43 361
2 242 1057
2 1929 1154
1 181 765 273
2 1485 1895
2 1351 58
2 553 1031
1 1683 1450 1354
2 1787 1904
1 222 1822 1450
2 1426 1850
2 1226 1070
1 1679 1131 726
2 1303 345
2 884 185
1 1598 1975 1807
1 349 1772 1413
1 455 1102 1970
1 661 678 1009
2 374 1477
1 273 1311 714
2 706 1034
2 1477 1581
1 1317 1195 1406
1 39 254 393
1 1750 766 410
1 1795 1321 404
2 1513 911
2 629 1025
1 1333 383 869
1 1481 1679 241
1 403 785 1057
2 1543 765
1 98 646 307
2 1109 1485
1 1195 403 1169
2 403 514
1 1826 209 1791
2 595 1371
2 1060 1575
2 671 1262
2 1501 1015
2 1830 536
2 1751 473
1 1529 1171 1134
1 619 406 746
2 231 191
2 451 1570
1 1306 287 214
1 48 1705 824
1 1855 494 1838
2 1100 831
2 894 1539
2 1278 189
2 1571 1454
1 283 524 1428
2 1332 895
2 102 1674
2 1057 1969
1 641 682 1416
2 773 1480
2 291 1385
1 395 1697 160
2 1271 575
2 504 1311
1 1322 158 1776
1 1543 1189 1885
1 900 54 1730
1 648 1168 1290
2 132 646
2 797 149
1 623 1562 1292
2 1145 1779
1 537 1840 195
1 471 1819 1565
2 941 849
2 550 1164
2 63 447
2 933 452
2 208 197
2 1788 688
2 370 631
2 530 1777
2 895 1158
1 660 1116 1959
2 1590 733
2 1897 360
1 48 1506 1131
2 1118 851
1 1739 1629 224
2 1584 906
1 140 199 409
1 1573 1117 1223
2 1605 1029
2 1137 411
2 1063 627
2 70 890
2 47 284
1 266 711 96
2 1433 994
2 1175 76
2 1611 593
2 706 1941
2 53 1794
2 231 1880
1 301 1045 887
2 916 1208
2 487 288
2 759 1170
2 409 834
2 1911 751
1 1579 235 450
2 978 1913
1 571 429 33
1 1287 833 225
1 528 893 880
1 645 911 41
2 1254 1559
2 312 70
2 267 785
1 46 695 151
1 239 1341 166
1 606 869 727
2 1970 398
2 1178 965
2 1188 662
2 1154 5
1 374 1005 771
2 844 415
2 1665 409
1 1313 1479 387
2 418 1416
1 498 1624 1457
1 1421 1627 1933
2 1630 684
1 92 1666 1468
2 1534 77
1 719 1476 832
2 1171 1711
2 997 265
2 1368 1854
1 522 1564 1367
2 1574 720
2 1931 1667
1 1637 760 1072
2 1281 1837
1 1401 1883 1512
2 1147 1976
2 303 990
1 301 1654 527
1 338 1015 1916
1 1448 1238 284
1 888 171 1113
2 885 70
2 1797 516
2 1846 1137
1 584 1116 574
2 1667 1765
2 1963 1776
1 849 686 1622
2 323 292
1 946 523 616
2 1307 987
2 818 1332
2 984 927
1 741 509 60
2 512 1945
1 535 1602 1723
1 457 262 1583
1 238 699 104
2 501 582
2 1947 1007
2 582 58
2 564 524
2 924 1913
2 1644 1708
1 506 1335 1115
2 1291 1654
1 1137 1428 1310
2 1412 64
2 1616 484
1 780 1233 260
1 1926 1828 1103
1 413 1590 426
1 1816 345 82
1 1674 920 1139
2 1087 699
2 1406 452
1 105 1248 1406
2 1442 931
1 1320 110 817
2 144 1078
1 223 40 1225
1 257 761 1040
1 1448 1073 1099
2 625 1183
1 1938 1752 430
2 206 1478
2 872 1266
2 233 469
2 1668 1308
1 1233 1098 216
2 36 1664
1 340 1023 421
2 1691 1968
1 1741 857 1521
2 640 1401
1 1737 1244 294
2 48 775
2 1273 1797
2 1474 1531
1 941 1381 1237
2 606 194
1 1162 1833 1111
2 714 1140
2 981 1618
2 390 1892
2 113 1107
1 838 355 770
1 1262 842 9
2 1344 207
1 842 486 917
1 413 1598 481
1 1714 1175 1610
1 1198 1496 293
2 1069 1045
1 1404 1799 1207
1 64 847 835
1 675 1671 1678
1 501 192 185
1 788 1858 596
1 1981 1972 1977
2 706 742
2 1397 996
2 1182 1262
2 683 1101
1 1271 867 690
2 926 1303
2 1383 1344
1 647 315 601
2 435 1764
1 1310 318 1585
1 228 1868 1223
1 1867 1850 1514
1 895 1329 1240
2 91 1614
2 341 1348
2 1500 296
2 702 921
1 300 864 1301
1 1276 1292 1653
2 1356 1003
1 755 369 1957
1 1707 24 954
1 684 354 450
2 315 1646
2 1483 954
1 383 1687 1526
1 135 1856 383
1 1164 270 327
2 1962 1828
1 264 490 621
2 719 1376
2 1597 769
2 1428 68
2 876 1634
1 1517 1898 385
2 1042 1310
2 1850 725
2 445 1321
1 1269 437 1035
1 807 283 290
1 1851 365 599
1 1217 497 1200
1 441 1866 436
2 1398 602
2 1201 173
2 1413 1628
1 1779 478 711
1 904 1802 1515
1 1385 653 1008
2 1761 407
2 198 164
1 315 139 1746
2 707 1066
2 815 1880
1 1520 1748 1110
1 8 1800 1070
2 767 1569
1 444 724 469
1 933 1586 1546
1 748 1390 4
2 157 1217
1 1308 1972 290
1 1736 1527 154
2 68 1922
1 73 799 1026
2 488 1339
1 1498 1604 1119
2 1663 929
2 693 1865
1 475 1023 774
2 1862 1150
2 460 415
2 1532 1585
2 1205 711
2 787 1381
1 29 502 983
2 1655 1481
2 1480 778
2 536 261
2 230 1712
2 27 904
1 325 854 173
1 1343 799 15
2 861 1505
2 496 684
1 1442 1032 1733
1 256 1126 541
2 1813 419
1 1429 1669 22
1 507 1126 748
1 734 1754 901
2 629 1185
2 1375 1833
1 640 410 175
2 130 634
1 153 865 1697
2 1484 302
1 1163 282 503
2 1169 355
1 1957 1000 1680
1 1415 1545 1241
1 1847 837 1933
1 1159 1192 472
1 1601 1280 1721
1 1401 802 1207
2 798 1271
2 1179 1103
1 829 1658 1737
2 856 962
2 1309 937
2 1149 354
1 979 1802 866
2 1628 1247
1 1472 1509 1097
2 1774 1371
2 1889 326
1 1198 1750 718
2 1673 1459
1 158 1188 389
2 438 1468
2 1103 1120
1 19 422 91
1 30 1091 1868
1 1848 1264 1320
1 503 1935 300
2 1618 1682
2 345 723
1 641 60 222
1 1019 574 1407
1 344 1091 1887
2 1336 714
2 1589 1863
2 1709 130
1 69 488 1178
2 1629 1857
1 1009 340 1406
2 1749 316
1 1635 1161 1358
1 867 1933 386
1 1384 124 1783
2 23 15
2 1533 1557
2 1864 694
2 672 1963
1 1117 1491 341
1 1869 470 63
1 1381 1502 774
2 76 35
1 914 792 1638
1 735 616 1422
1 1517 1104 239
2 535 1201
2 1957 955
1 244 70 498
2 1125 1820
1 297 726 23
2 1381 1317
1 280 1383 387
1 972 1052 1572
1 1468 1750 942
2 1453 499
1 1381 1133 299
2 125 396
2 589 305
1 614 657 1237
1 1229 1061 1834
1 869 1050 1765
1 1411 1184 364
1 1805 1808 1274
1 1457 869 947
1 93 1132 274
1 1280 1291 731
2 209 1844
1 138 1341 1701
1 666 699 105
1 836 1343 1456
1 235 1249 987
2 137 223
2 87 8
2 263 1300
2 789 906
1 203 1929 1121
1 1869 409 1786
2 843 832
1 1734 749 740
1 1571 1415 1918
1 770 581 116
1 144 312 933
1 1884 1571 1101
2 715 1315
2 1619 170
2 228 938
1 1337 1324 104
1 149 1088 1651
1 1046 1262 339
1 599 1970 1968
1 1816 785 968
1 1748 1665 673
1 675 1282 1850
1 515 1753 1106
1 576 1061 1461
1 1473 1717 699
1 238 1565 1641
1 62 482 81
2 1705 1958
2 134 1417
2 355 125
1 1509 738 1693
1 179 645 774
2 524 1555
1 487 1136 982
1 1754 373 788
1 179 1488 1161
1 1374 1713 73
1 1817 1703 1091
2 1383 570
1 449 151 1666
1 1885 1319 545
1 483 1221 228
2 385 159
1 254 971 1953
1 270 1833 1686
1 1800 1314 1422
2 312 963
2 1944 1200
1 1421 239 1454
2 1971 319
2 870 117
1 1426 657 948
2 516 175
2 1559 21
2 1213 502
2 746 1954
1 551 1369 710
2 1002 953
2 1469 1547
1 1713 588 1349
2 875 130
2 1149 1197
1 1039 1459 682
2 1556 1126
1 984 1296 682
2 1474 27
1 139 172 333
1 1493 430 1654
2 1592 1777
2 1776 1917
1 893 268 211
1 1781 1755 1690
1 798 602 1513
2 960 949
1 387 1655 1496
2 1876 558
2 1153 1668
1 472 1565 28
1 654 441 1088
1 303 920 274
1 1450 773 1866
1 511 1460 394
2 1301 600
1 49 238 940
1 152 1699 973
1 696 1433 910
1 962 1600 736
2 1726 1413
1 37 782 1587
1 795 1191 1690
2 951 568
2 1914 60
1 1041 424 298
1 1127 230 268
1 1415 1858 1549
1 1537 1190 1265
1 1651 898 850
2 1919 564
2 1150 449
2 1740 1897
2 235 542
1 837 552 220
2 1592 681
1 45 330 192
2 1501 903
1 1005 198 1712
2 718 870
2 440 1156
2 13 458
2 1754 998
1 607 1426 1539
2 591 1205
2 1213 1741
1 916 12 1752
1 125 497 152
1 1960 1214 1652
1 1762 1100 356
1 767 807 79
2 1329 269
2 1247 1866
1 1306 789 1130
1 1976 448 1151
1 681 1678 1267
2 27 537
2 1602 1635
2 93 1765
1 698 174 1783
2 683 203
1 1060 1263 1250
1 884 883 1722
2 1297 1928
1 1522 172 1478
2 1086 321
2 1801 991
1 628 1319 1892
2 377 1289
2 1642 1242
2 1199 1267
1 482 1808 254
2 495 1028
2 1066 1041
1 964 1749 245
1 384 1148 73
1 108 572 1517
1 900 853 1479
2 37 1627
1 1431 164 1426
2 773 1732
2 398 1431
1 1012 980 980
1 695 132 621
2 1953 382
2 175 141
1 652 809 1495
2 968 449
2 722 1041
1 1522 70 1706
2 617 586
1 303 1871 1131
2 1385 1684
1 1087 1310 1059
2 1089 908
1 375 1292 1580
1 1187 1753 1792
1 1783 1584 874
2 1726 610
1 819 639 879
1 1414 1530 989
2 625 362
1 1871 1087 43
2 631 1396
1 478 803 126
1 695 1713 1603
1 1378 871 1488
1 1762 1631 117
1 1872 1193 973
1 1034 1080 1637
2 1405 542
1 931 1372 302
2 1677 628
1 1202 1324 1618
1 814 588 99
1 676 424 737
1 12 100 961
2 1913 873
1 1741 1653 1867
1 1709 1904 843
1 1575 702 955
2 776 1048
2 1805 1914
2 1347 714
1 179 987 976
1 1455 942 1775
1 354 1917 206
2 1145 1734
1 1751 1951 956
1 113 1548 108
2 1302 82
1 834 1970 129
1 857 1278 1607
1 641 333 1726
2 808 1648
1 617 208 994
1 381 96 1645
2 450 835
1 1276 1202 150
1 1238 681 1974
1 1856 1178 1861
1 39 1771 1725
1 546 1129 226
1 214 905 1103
2 293 398
1 258 447 300
2 933 439
2 298 747
2 1743 747
1 839 1482 1259
1 1377 1471 855
2 298 335
2 318 1277
2 1637 1573
1 1088 1715 65
2 555 1153
2 1788 1410
2 1907 1664
2 1268 1010
2 382 1590
2 581 1001
2 1063 983
1 858 1148 982
2 999 360
2 1375 1086
2 1149 1879
2 1431 763
1 823 263 409
1 1090 1054 456
2 435 1579
1 1322 1593 1386
1 559 1382 457
1 1776 755 1032
1 340 158 1264
2 1490 1616
1 1581 1134 1958
1 1033 1340 782
1 1868 1035 1501
1 1023 1892 935
1 1619 554 1728
2 1246 189
1 1621 418 255
2 1663 1225
2 478 1775
2 253 919
1 937 1071 33
2 1043 331
2 179 825
1 638 633 986
1 1407 1432 648
2 513 482
2 1276 555
1 1805 400 134
1 489 1259 1924
2 384 359
2 1485 459
2 1759 1894
2 1890 267
2 1557 1480
1 134 1464 1330
1 1841 1484 1447
2 456 803
2 836 1494
2 958 343
1 274 375 939
2 760 1586
2 9 719
2 1585 1523
1 1167 1086 1153
2 468 1590
1 1811 809 1318
1 1268 1002 1792
2 1347 1577
1 915 1875 198
1 1940 274 1285
2 911 786
1 863 1777 33
2 1664 1405
1 153 1935 508
1 171 1551 804
1 936 407 1150
2 231 215
1 1939 1411 1748
1 965 388 42
2 428 1827
1 622 293 1156
1 657 1890 1726
2 234 965
2 914 1359
1 1604 983 1880
2 912 1588
2 243 725
2 800 567
1 265 1644 895
1 741 371 1375
2 1575 1275
1 174 1906 164
1 980 1238 153
1 951 1305 760
2 1369 1977
1 1797 409 1904
2 1156 514
2 1134 1249
2 530 1929
1 1346 955 789
1 977 781 28
2 511 1180
2 815 281
2 855 1557
1 697 1179 482
2 1724 877
1 1819 1912 635
1 1543 1093 1343
1 139 1014 232
2 700 439
1 778 1309 1156
1 1556 239 877
2 153 751
1 595 1111 1094
1 678 270 1437
2 344 1775
1 1730 760 1568
1 1860 1868 1976
1 413 1759 217
1 552 1257 1845
1 299 725 533
1 1650 231 1954
2 635 477
2 896 932
2 1182 279
2 705 1181
1 1522 250 1602
1 1700 66 276
1 1207 1752 258
2 1745 886
2 935 1682
1 1051 1335 1637
2 1251 1758
1 360 463 1498
1 980 500 96
2 1530 355
1 443 1192 852
1 945 1796 1003
2 1010 340
2 1926 1379
2 465 192
2 342 1688
2 1280 1859
2 363 1401
2 1584 1693
2 1334 1278
2 114 1405
2 1459 1498
1 1378 166 1264
2 552 1763
1 1927 619 229
1 185 1953 1262
2 759 560
2 1622 243
2 1681 401
2 893 1538
2 1977 1269
2 713 350
2 1780 408
2 1908 1641
1 938 315 406
1 1731 669 84
1 626 1637 1884
2 1413 315
1 875 54 568
1 709 705 256
1 1742 1599 986
1 506 1378 1334
2 713 1123
1 1698 842 1453
1 1678 718 63
2 1389 1491
1 1413 1373 1127
1 1425 862 1131
1 1951 987 551
1 1032 963 674
1 370 492 347
2 1947 120
1 845 1795 416
2 1167 875
1 1335 272 235
1 1092 1646 1036
1 1244 1546 53
1 64 1478 522
1 1745 1820 1020
1 1933 756 844
2 485 1240
2 984 1830
1 281 747 255
2 1192 1442
1 1960 516 1903
1 1585 1149 1964
1 1096 1708 1858
2 863 974
1 425 532 1634
2 1845 1
2 239 744
1 483 1501 1019
2 1795 1691
1 370 275 1840
2 275 1556
1 1359 1508 258
2 1478 971
2 1567 697
1 1353 1839 1939
2 1188 943
1 656 23 193
2 871 649
2 858 1339
1 1479 1271 19
1 1876 993 277
1 28 916 422
1 389 1849 289
1 1054 460 1890
1 952 1553 1789
1 57 278 283
2 19 702
1 379 1551 912
2 1749 1841
1 1401 1413 395
2 802 1807
1 348 244 1246
1 1504 169 955
1 920 365 1205
1 138 94 555
2 1896 350
1 519 1747 1644
1 1549 640 764
1 261 1686 1653
1 1019 1828 140
1 1131 680 427
2 1108 1450
1 947 196 1015
2 1872 1192
2 134 330
2 1583 1809
2 1491 432
1 1395 664 308
1 921 1351 1786
1 1571 841 1393
1 1612 526 1219
1 254 520 878
2 179 1481
1 1011 1611 1124
2 1579 1567
1 572 1691 1155
2 1140 1460
2 822 808
2 652 1766
1 928 83 566
2 560 1328
2 319 1783
1 576 1325 220
2 1073 3
2 380 748
1 1560 1177 125
1 581 1507 756
1 1700 259 1020
1 1163 783 695
2 701 1926
2 1788 419
2 1230 610
1 1424 920 319
2 1518 979
2 1471 585
2 494 999
1 1563 1776 153
2 214 1786
2 471 420
1 105 507 736
2 492 1583
1 1188 524 156
1 47 1800 619
2 1323 172
2 950 959
2 1943 781
2 1136 1566
2 572 1152
2 1427 599
1 424 1314 198
1 441 1827 1541
1 356 1931 1904
1 1359 1362 1145
2 1730 1318
1 637 279 1365
1 272 1926 474
2 1797 1851
2 505 1447
1 1881 1586 1272
1 1903 1776 1306
2 1615 1775
2 953 846
2 371 602
2 1779 1106
1 602 129 1438
1 1245 1465 517
2 1235 723
2 888 572
1 1109 769 303
1 1768 1450 599
2 572 1345
1 617 1392 1069
2 1936 569
2 828 31
2 1904 1894
1 987 697 514
2 41 556
2 1256 935
1 417 1753 731
2 1289 1560
1 1735 1817 1708
1 1117 755 1661
2 266 846
2 1471 641
1 86 878 1473
2 141 1370
2 1091 273
2 1534 890
1 365 229 876
1 508 885 1349
2 186 620
1 1934 518 86
2 1982 660
2 91 1154
2 497 1472
2 1118 1088
2 414 183
2 1555 1164
2 867 521
2 1434 1478
2 1614 1798
2 1405 929
1 189 705 33
1 1751 595 1049
2 117 503
2 42 1221
2 388 1935
1 945 1890 1857
1 157 1013 106
1 227 1773 769
1 1350 1505 952
2 1817 931
1 540 1304 952
2 624 601
1 1314 242 52
2 1355 1251
1 1573 1520 1044
1 1381 1316 1448
1 879 1069 1355
1 1526 1832 315
1 1396 1727 386
2 1419 1198
2 360 1057
1 598 1917 1951
1 742 1161 1297
1 1835 325 397
2 419 1401
2 1159 86
1 438 47 111
1 1139 612 628
2 1096 1616
1 533 961 1332
1 649 425 1740
2 1605 469
2 1892 1313
2 1266 1605
1 838 102 45
1 226 419 1925
1 1530 446 1080
1 1944 1436 1050
2 802 924
2 129 359
2 1795 452
2 118 1719
1 155 1905 1597
1 1846 600 407
1 252 1202 815
1 710 957 527
2 1979 516
1 1924 454 513
2 677 1354
2 862 85
2 615 1699
1 857 687 1461
1 521 1437 1800
2 1231 1851
2 1785 811
1 976 380 32
2 169 1317
2 544 320
2 1295 750
1 874 435 1028
1 1057 973 1569
1 452 1962 1274
2 1310 1095
1 1199 400 744
1 381 1467 912
1 765 1463 91
1 1935 18 1468
2 1163 148
2 1443 1448
1 525 879 1625
1 932 902 1051
1 1926 1141 1852
1 328 135 50
2 82 742
1 512 798 1057
2 657 1150
2 337 844
2 881 1629
1 1759 1943 1378
2 548 78
2 1552 638
2 680 1762
2 1388 1400
2 1448 1067
1 701 794 784
1 1129 1069 163
2 1429 905
1 216 781 371
1 1320 950 993
2 788 647
1 1463 1158 186
1 139 999 1716
1 1641 1898 683
2 1042 621
2 1497 1259
1 590 1016 1201
1 1605 490 1463
2 1210 416
1 1323 605 675
2 1199 1320
2 335 582
2 1909 29
2 1972 583
1 540 1905 1961
1 1899 1277 1127
1 1525 1174 109
1 670 558 1627
1 74 1844 450
1 189 320 1149
1 1624 1246 366
2 1541 224
1 266 748 648
2 312 233
1 361 918 1724
1 1196 904 360
2 921 448
1 1162 1912 626
1 1824 142 1312
2 156 49
1 87 695 348
1 1943 418 323
1 1452 1305 763
1 1196 1625 99
1 1068 604 1367
1 1909 1317 1124
1 291 655 1626
2 214 1188
2 854 1545
2 1880 1713
1 548 1106 994
2 252 279
1 102 1399 1347
2 1889 288
2 1709 1138
2 1022 874
1 1574 35 824
1 1826 1091 1451
2 1649 530
2 1797 103
2 645 1260
2 786 536
1 932 372 444
1 1416 1707 1189
1 1851 1047 1073
2 203 1017
1 1235 1305 657
1 150 634 148
2 1243 149
2 125 589
2 1105 1097
1 1021 1506 431
2 919 1026
1 593 245 1843
1 564 538 566
1 709 1039 1
1 177 243 114
1 1424 1335 245
1 802 967 206
2 1597 266
2 1795 744
2 363 1570
1 814 1398 72
2 277 890
2 670 811
1 40 1666 1576
1 490 416 561
2 731 144
2 1028 1611
2 165 1073
2 1921 231
2 465 1643
2 1573 1499
1 415 612 1492
2 726 210
1 161 875 1360
1 1675 508 702
1 24 537 1568
1 1963 918 848
1 924 123 1901
1 434 739 1632
2 1411 163
1 276 1222 1277
2 653 1411
1 624 1582 1668
2 223 127
1 6 1071 1632
1 673 1111 801
1 1937 1436 744
1 1938 1598 1488
1 1254 654 1880
1 878 1400 457
1 843 98 97
1 1668 561 541
2 539 1109
2 59 1703
2 1529 1928
1 1180 1878 1779
2 1960 1585
2 1923 1617
2 1491 1783
1 1677 84 1471
1 1172 632 1394
1 809 943 507
1 1521 4 1848
1 498 905 166
2 276 781
2 593 487
2 1660 1291
1 925 1414 613
2 234 1600
1 1922 1415 1494
2 716 1331
2 1714 1154
2 690 1531
2 737 312
2 337 1538
2 1273 1397
1 754 1036 641
1 1835 1360 654
1 1649 1283 1151
2 905 889
1 1531 369 1332
1 1109 122 1329
2 315 1904
2 1322 742
1 1108 1548 345
2 830 1361
2 1196 1255
2 707 1816
2 1223 1145
2 300 1595
2 1054 658
1 455 119 748
2 515 1315
1 789 1946 457
1 58 174 1733
2 313 213
2 94 1617
2 683 1807
1 1967 652 741
1 768 856 656
2 201 1163
1 189 321 343
1 765 416 205
2 797 919
1 1353 1323 757
2 1404 1916
1 1949 569 764
2 1790 863
2 501 1903
1 110 471 1710
2 1353 321
2 1096 1953
2 268 116
1 1491 1432 1869
1 1552 1896 1727
2 1157 707
2 578 535
2 582 767
2 232 1228
1 931 69 1974
1 1974 1746 94
1 27 1341 982
1 82 52 115
1 887 666 676
1 1827 77 1569
1 1900 528 1069
2 1952 1743
2 1008 1581
2 1234 38
2 26 165
1 1876 1922 1772
1 1398 1486 1329
1 1668 1640 157
2 1415 466
2 1620 1544
1 1004 50 1385
1 1273 944 919
2 7 27
2 827 995
1 969 377 1552
2 1223 641
2 337 1586
2 1589 332
1 190 1316 598
1 182 1788 1099
1 1457 337 416
1 85 1163 1508
1 1236 328 1642
2 466 486
1 1550 694 515
1 1522 1783 1810
2 303 1134
2 1118 1603
1 1463 1764 1545
1 808 1975 1038
1 1312 609 1849
1 416 573 251
1 198 1521 590
1 918 1335 663
1 414 160 85
1 1623 1289 1903
1 10 1174 1975
1 573 800 923
1 609 286 1519
1 305 1689 1982
2 167 1109
1 1808 184 202
1 693 1617 1632
1 1727 1723 257
2 443 171
1 1018 733 544
1 889 1519 90
1 1908 514 1397
1 309 408 437
1 1682 355 366
2 1922 1566
1 726 898 1797
1 62 1361 266
2 1480 805
2 118 1074
2 1553 420
1 806 1122 184
2 225 883
2 1282 1878
2 752 1778
2 227 490
1 671 516 618
1 816 1584 1440
1 616 387 472
1 354 743 1608
1 1415 1844 91
1 33 1028 1150
2 922 612
2 927 1203
2 1414 1331
1 1523 1859 1911
2 184 692
2 425 1717
2 779 1897
2 1588 182
1 52 1399 1543
1 640 951 1698
2 1966 193
2 594 135
2 1943 102
2 1023 1731
1 1182 367 877
1 1070 470 1027
1 878 341 1636
1 808 1211 961
1 157 1939 410
2 34 6
1 1481 1456 459
2 645 417
1 826 1515 948
2 730 975
1 1489 418 963
1 343 845 1767
1 1471 522 200
1 1187 1674 1509
2 1919 1394
1 48 1265 440
2 268 1779
1 1798 1897 206
2 467 319
2 1197 551
1 245 1581 687
2 1825 1571
1 475 1503 1873
2 1420 1116
1 447 1694 1385
1 160 214 1002
2 1004 599
2 1539 1170
1 256 1115 234
2 1068 1281
1 1171 1792 1620
2 646 627
1 937 819 539
2 589 259
1 1114 579 839
2 1739 1087
2 1650 769
1 58 481 1678
1 534 222 277
1 103 1002 1244
1 547 316 623
1 1030 1689 260
2 1229 611
2 423 1404
1 1533 414 137
2 48 522
1 1214 1321 234
2 1927 1829
2 1620 283
1 102 86 776
2 833 1559
1 343 1403 814
2 1737 1705
2 1649 702
2 353 1137
1 1970 870 1665
1 1817 1389 559
1 1136 666 936
2 55 1869
1 112 681 977
2 1132 525
2 1207 193
2 1375 1293
1 574 631 1069
2 438 1064
2 1324 665
2 796 1138
2 1442 1839
1 590 1735 577
2 1709 965
1 338 1905 1651
1 1849 1021 1029
1 1972 1355 250
1 1953 960 562
2 1371 1962
2 150 1880
2 419 221
1 328 1246 354
2 51 1435
2 1075 587
1 380 193 1241
2 1014 1347
1 1131 1283 1362
2 1865 181
2 79 1005
1 592 1391 12
1 1012 1156 495
2 1235 1809
1 1848 1476 811
2 1711 1166
1 834 87 597
1 397 1857 609
2 1453 1881
2 1619 1515
2 1780 327
1 7 638 75
2 1129 165
1 1270 562 1356
1 1825 1333 241
2 1376 165
2 342 82
2 1173 1609
2 1365 1575
2 1418 109
1 415 1885 195
2 1048 512
2 205 1583
2 1582 53
1 1052 1632 2
2 34 1076
1 1924 1010 582
2 1324 1133
1 789 836 131
2 896 338
1 1023 109 1764
1 1290 30 1253
2 182 535
2 795 1262
2 865 937
1 336 1805 1345
1 1203 1659 564
1 1687 1735 601
1 1555 1888 582
2 1621 1913
2 1256 797
2 927 1805
1 1020 1865 1842
2 1572 1899
2 123 1539
2 889 52
2 1756 217
1 1116 1516 638
1 1911 1820 9
1 518 1404 663
1 1807 1026 1433
2 878 757
1 268 247 367
1 939 233 1623
1 1011 1849 1166
2 434 1840
2 687 707
1 155 1129 1627
2 1421 1814
2 153 1311
1 525 1817 1123
2 1405 885
2 1455 733
2 1737 1446
2 1638 1946
1 1423 330 1032
1 17 584 525
2 1496 287
1 665 825 1320
1 1410 142 1639
1 1836 479 587
2 1193 1352
2 88 1537
2 1574 1615
2 1824 543
2 1650 643
1 417 1686 548
2 1771 270
2 1056 29
2 152 1874
2 159 1084
1 244 1697 1577
1 1788 1400 213
1 1179 336 192
2 1901 269
2 67 1648
1 945 1484 700
1 80 426 519
1 1763 1701 847
2 1552 287
2 119 255
2 219 116
1 1794 1165 255
2 1643 572
2 429 1366
2 990 1135
1 165 1360 549
2 795 747
1 981 1545 516
1 1599 647 1077
2 217 1478
1 1193 940 1193
1 912 1923 42
1 1796 655 1347
2 1122 661
2 637 236
2 1840 254
2 1768 1594
1 168 1359 1140
2 1971 1189
1 356 784 1218
1 395 1413 848
1 1741 1456 833
1 1698 1414 549
2 1324 1773
1 1293 1615 1235
2 518 259
2 976 1844
2 1697 1628
1 586 253 1271
1 980 951 248
1 126 545 791
2 1460 1812
2 205 1580
2 632 500
1 971 879 1017
1 1754 202 1744
2 1806 573
2 446 1907
2 690 426
1 1826 905 1136
2 1461 607
1 575 61 195
2 40 1727
2 837 1518
1 850 640 243
2 1724 1156
1 921 701 81
1 1756 903 1554
1 330 1145 270
1 1129 1004 1550
1 532 304 1505
2 1833 5
2 1123 651
2 397 977
1 1444 1162 910
1 856 1435 1029
1 1419 1134 1507
1 851 732 807
2 1596 1312
2 1018 1218
2 1046 1696
2 408 919
2 520 1058
2 659 1438
2 517 564
2 339 907
1 1460 326 1633
2 524 58
2 1372 53
1 1218 1087 528
1 1497 1202 223
1 442 1429 1075
2 299 1527
2 1105 590
2 1605 1181
1 22 376 44
1 1681 661 170
2 357 1721
1 1591 288 731
1 1406 186 306
2 32 1033
1 1888 3 59
1 417 567 632
2 1050 685
2 1443 467
1 519 2 578
2 263 477
2 1304 516
2 1149 150
1 250 1631 1321
1 1456 10 341
2 466 193
2 1033 764
1 1484 672 1278
1 1360 808 1356
2 1499 562
1 1683 104 1744
1 1338 749 452
1 1248 569 1910
1 1626 1003 882
1 1236 1528 248
1 1850 1288 1819
1 45 168 749
2 1893 1866
2 410 1835
1 1265 1186 1668
2 1569 1126
1 633 1449 859
2 500 241
2 1324 492
2 1891 415
1 43 267 502
2 1765 236
2 1721 1715
1 250 303 11
2 1683 1417
1 927 932 1328
1 1450 1569 594
1 917 3 759
1 1284 866 1058
1 167 1951 221
2 869 1485
2 759 568
1 1427 711 780
2 753 511
2 1319 292
1 1117 558 1294
2 681 1019
1 747 344 860
2 353 690
2 517 996
2 609 1466
1 1731 1485 490
1 1003 1183 875
2 1831 382
2 849 1099
2 899 18
2 102 112
1 1530 313 1902
1 642 884 370
1 1686 1052 1269
2 1490 1097
2 866 1274
2 1513 1430
1 1894 937 1314
1 61 947 727
1 435 1917 361
2 1757 204
1 66 71 33
2 786 77
1 1794 626 443
2 1506 708
1 293 1364 19
1 1016 1522 1051
1 580 835 203
2 1491 929
2 1954 1556
2 118 1690
1 1204 1370 463
1 1555 1637 1632
1 1924 1937 388
1 578 1490 854
2 1521 766
2 630 542
2 13 1877
2 1552 594
2 62 715
2 221 746
2 1879 724
2 14 398
1 1618 892 1687
2 889 1804
1 844 1368 740
2 467 631
1 535 166 600
2 149 519
2 1389 1684
1 238 1181 1728
2 647 867
1 777 918 380
1 63 882 823
2 908 443
1 1246 96 1614
1 972 437 230
2 1156 90
1 305 145 1290
2 1242 1333
1 1013 1277 1603
2 1821 880
2 899 1709
2 507 1140
1 1593 462 982
1 1201 432 882
2 1538 1218
1 410 1231 539
2 525 1116
2 904 1527
1 694 953 173
1 632 1244 1211
2 1612 1109
2 481 881
1 465 1538 230
1 1025 122 1902
2 516 924
1 1882 481 1110
1 1142 956 1015
1 747 1345 796
2 233 734
2 963 1229
1 1168 262 1499
2 787 157
1 1542 533 104
2 1031 535
1 208 1333 220
1 719 1236 1733
2 1399 7
1 1061 514 1181
1 1917 1754 1367
1 1722 1675 1717
2 1042 959
1 1002 1357 1077
1 227 678 1052
1 413 172 1797
1 1305 1521 778
1 1345 358 1183
2 1043 1325
2 1815 1798
2 525 1566
1 1577 1432 1075
1 1300 478 117
2 1389 445
1 190 1728 863
1 431 737 960
1 611 1347 1608
1 69 1085 1785
1 965 1663 962
1 1082 1440 1523
1 406 202 1075
1 239 663 900
2 92 1527
1 503 360 248
2 1363 1551
1 1527 230 1692
2 798 1936
2 1130 828
1 842 1713 520
2 1437 473
1 1007 920 529
1 778 1777 1318
1 1881 1366 1890
1 68 1142 32
1 465 1419 893
2 981 309
2 1953 1781
1 145 826 45
2 577 287
1 1224 1820 1060
2 1401 1684
1 96 212 992
1 392 631 1790
1 1215 1239 432
1 696 13 693
1 186 2 1285
1 1350 215 296
1 1896 1427 1270
1 1283 95 1797
1 1463 991 785
2 696 1807
2 744 107
1 84 272 1083
2 205 1020
1 237 1538 117
2 653 1322
1 711 177 1105
2 93 1523
2 182 1690
1 1790 249 1720
1 1569 1401 457
1 304 1716 1746
2 1882 1202
2 587 760
1 657 1596 30
1 1766 234 790
2 546 1562
2 49 516
1 752 1423 112
2 1396 1114
1 1270 318 812
1 1522 1082 1574
1 1008 1509 377
2 584 1097
2 779 196
2 543 1914
1 901 110 629
1 231 1348 1742
1 824 1763 1032
2 1257 1781
2 1957 1404
2 1233 59
2 195 688
2 470 311
2 1178 224
1 1382 1261 1340
2 111 1344
1 1761 1592 1417
2 1791 511
1 1728 851 1644
2 1116 1536
2 1353 235
2 772 208
2 1086 482
2 64 1618
1 1637 563 1799
1 1933 1280 39
1 1047 722 1639
2 416 1703
2 1659 1438
1 603 653 633
2 793 1815
2 986 1224
2 590 728
1 796 1009 1403
2 219 1355
1 1464 382 9
1 1900 1014 1057
2 892 1939
2 802 1013
2 361 1470
1 425 740 559
1 1033 19 1020
2 38 1733
2 1458 1486
2 1665 1917
2 1687 587
1 61 1948 1100
1 1398 1794 874
2 755 1646
2 645 161
2 1611 1502
2 1401 819
2 765 225
1 599 168 834
1 638 104 1412
1 223 1361 35
2 1828 536
2 1275 771
2 1743 1419
2 1141 915
1 1722 296 1528
1 1768 1890 632
2 1965 1927
2 1926 924
2 44 1356
2 179 1698
2 813 1875
1 645 1325 387
1 452 1306 101
1 1870 610 1579
2 301 1540
1 910 1727 163
2 1915 813
1 1346 1078 1022
1 1652 480 1157
1 273 1949 1219
1 86 1632 1557
2 512 1057
2 609 430
1 383 844 1921
1 190 138 1810
2 1710 1330
1 1008 1198 1535
1 833 149 1952
1 1585 624 454
1 646 384 1201
2 383 1734
1 1614 1070 366
2 1708 671
1 1444 1440 695
2 1892 934
1 1615 409 320
2 517 228
2 603 1151
1 294 1656 578
2 1645 1720
1 1528 1616 1547
2 972 1850
2 1952 1923
2 1827 1820
1 662 564 1741
2 1186 754
2 1083 1584
1 1343 1239 720
2 1802 798
2 1646 1547
1 218 956 1008
2 1375 1339
2 1035 447
2 185 915
2 119 1325
1 1512 1422 1078
2 123 26
2 485 793
1 995 1194 1001
1 897 480 1354
1 1138 445 200
1 695 1705 1392
1 1840 1179 464
1 1808 577 1018
2 1038 1026
2 1512 34
2 876 1043
2 1563 569
2 1419 838
1 449 1544 1090
1 206 49 1239
1 711 1808 1380
1 1125 1193 1153
1 235 1837 1305
1 1007 156 1460
2 550 1601
2 707 328
2 1825 1106
1 760 1568 847
1 93 40 304
1 1597 600 235
1 169 1960 483
1 201 775 407
2 408 1816
1 1208 1087 1863
2 856 760
1 514 147 1381
2 1842 408
1 643 1572 1006
1 155 1844 1381
2 585 739
2 285 860
1 37 1549 1451
2 624 1637
2 1143 1689
2 694 1844
1 748 785 624
1 155 203 819
2 758 795
1 950 142 1807
1 978 1745 1273
1 1168 1101 1126
2 1019 328
2 1561 1348
2 1783 1692
1 768 1069 218
1 1879 638 527
2 656 1076
2 1321 968
2 1227 289
1 447 995 812
1 414 1341 393
1 1585 1793 1042
1 1488 1685 1974
2 846 1352
2 1683 981
1 42 185 1775
2 977 1218
2 483 170
1 315 85 1118
2 1199 473
1 444 1548 1920
2 938 1214
1 1794 1076 804
1 1364 1809 1813
1 1212 1243 1731
1 1793 1480 1307
2 926 1392
1 1090 1123 574
2 1734 1371
2 494 517
2 902 18
2 1933 380
2 902 408
1 975 743 196
1 939 450 367
1 286 1322 1927
1 346 896 1845
2 1442 949
2 1182 166
1 374 331 1359
2 842 1359
1 440 1814 1844
1 1465 679 1586
1 1785 1292 1645
1 1232 815 323
1 611 328 1840
2 1665 1573
