100
453361212 1987770509
1251204649 1616202433
802475147 1711475500
1755063385 1847898814
293011728 1330580768
58107957 880713305
549835138 932671745
134094927 648290927
598057894 1950498739
66775384 1489341949
48081137 780120631
908606037 1728233166
307433464 827343821
301975293 980795563
1256866796 1565771495
445749594 1527815700
142272627 1044951741
475212890 1298258790
357034979 1287924277
404808489 1966953918
905946385 1557287593
829418023 1727261596
809775208 1163275424
1137529757 1638677666
1721264864 1886939273
396322028 1473703441
243568051 741822007
604598446 1895561770
498703495 1227784414
613392031 1823124278
1028048906 1755585969
87560211 1764260374
1129554093 1583141471
1064255318 1388223306
920637100 1074193102
601097214 1443574178
386446301 1100429694
1174393373 1550938862
102772376 825369879
614993396 1378823127
147282326 155546173
787181770 1961991433
449620346 1299005633
21803769 1200874925
358387273 1297344460
1685038683 1866919829
1398272303 1575507522
1397370537 1705611755
51309704 629921223
1286000944 1863083148
1626738042 1970726090
93443612 1775276679
227831133 1800657201
161601976 629887972
653935006 694590078
229960576 1062629959
1553127594 1902967958
160711913 1200765098
860962486 1453727993
1315245721 1720096021
1422400770 1613387615
212414136 1205440731
32268122 462185292
626528275 1108018481
1311157064 1850433837
1023014838 1504225639
64000868 1321521250
1757746943 1966929859
21072961 1325866570
690164237 830285376
4708261 1875524374
1333757506 1681552485
43534057 863357391
400904963 1409790061
518674416 881897412
342861123 565272364
167873262 482693203
382613771 708385506
1385362466 1667854517
294061656 399172915
389078252 993321593
1913465462 1975630177
1133399088 1789304317
490881565 1928573295
1493253480 1639893980
769371180 1733661746
93277978 1972549302
568073372 667823915
281376163 437067137
111367282 127794128
1870166514 1965636146
597679153 882771471
456040497 645721400
596558818 797913166
1964370779 1996480710
690760015 1188730048
815682567 1370503838
210548932 802528662
277960335 1760485375
518281992 597353429
