100
38696 106708
6721 41741
80629 150731
59731 132973
103179 167515
104071 132540
115116 144543
90898 174472
12759 17535
16827 197808
65317 195114
39143 78177
35973 181957
2432 193668
45079 45844
114015 148634
16032 49023
43666 154901
86130 107192
57497 189968
86511 143886
74622 146546
74231 94216
94932 195716
3535 197524
10374 58090
105091 193513
68219 127137
9575 23297
20522 59925
81445 133637
63812 108138
56587 103537
22236 42775
83336 196109
121588 149674
80203 126604
58242 90136
35018 72863
18806 111431
140712 198274
137293 195477
106457 143807
101674 145146
155307 196087
145702 147660
35063 141238
45751 177238
80583 145520
64912 143446
33180 119441
178197 199997
57782 164058
36760 98550
42860 69889
130229 147434
5917 9520
45251 120969
63284 159777
9613 51954
98806 173385
38256 52733
5480 83043
75968 184285
44321 199767
135369 147338
143173 163339
41707 55978
142911 174030
67551 108299
149724 169877
21116 131955
33780 101560
13713 171678
23853 185567
148130 149677
35054 60375
91479 191809
85027 192068
50920 193874
80101 132175
132073 157365
35641 198458
86204 96582
55990 139175
26281 197882
59026 198938
31437 98376
26651 107726
3873 16613
47243 119535
21678 174347
96223 141986
172631 176716
62479 77200
37048 181226
3259 94588
4504 134704
7966 173399
68179 158270
