100
81166998656303 171572408086196
45669775058437 138190853255200
29487251443359 82393329361103
93689652421102 196244982360695
8679326539637 16767459033650
132892688485412 188755912000357
86223874927218 198221223251895
90555690976800 110327484565745
18059950631306 67961005588283
109444323180926 142708502150280
6779454725796 143960602749209
21550820404282 74682425872337
126961193774287 154326074814984
52387833341916 181503344000475
122648683299555 193290229690132
59180166471475 149880512018953
109445959395508 118478232804599
26015709097719 145831177564911
170341340056825 189896802239512
86809276536728 189493939073668
73152681734640 174948391567619
108825068992023 110227015034016
48535218424066 193855796895679
49355624032479 53638776385756
97240861181022 156171766157932
11524272241104 163855490153646
42388478308236 172926340690894
130138408994601 156310112780330
3622748664925 21531593815277
91559230707201 197037585898518
72604516698978 85935661291067
52069997396917 75691834186163
144498026144923 153799465218555
98419401086630 138820228111492
15867200400614 169511315944527
149184726205875 150747083580145
50197837748729 118931193506459
56525609956992 128398074758862
70210691297757 185532202514685
124470223166295 199665846531783
91143391016324 188462346874490
163029292781799 171154596533141
17862633552711 151833686380596
10692185966687 92327610107181
139433793172414 193949781326507
9627440260442 60333415264643
131828020562129 187265713170340
33086702317088 120798829672293
50073296307438 192019792625731
10231495818328 193005659988079
61999415638522 174396297715434
68049712731894 93318329250286
68060760624320 178252120803621
3752784310988 191398953203918
12043213461106 101542247509463
20460355928977 192322674583723
10997678599368 45989981648877
55698401944069 169241078491774
19479930455076 128062964660361
20333201325245 97831680124501
55639303590383 87750977914418
1288085547217 193551624278160
47208990539819 70956329863566
35755463695324 125309825613275
25970748323703 99505893734639
61148735731207 152978841216186
6142517937843 173216942288274
23178543619499 174792246203847
106858860964468 188471109715540
56926033105360 116832713155022
37258090532213 57388583013836
11197013618878 76550632203935
112947520233857 146061350553484
97603007773338 181274082202540
27308294948091 172127431058788
3923966144638 111028615783598
69583551922331 169552952769750
105123775273469 180743088788119
15303625819605 72850828139994
23620325474783 59749654303502
28063122247129 128552562389374
173452625653670 190788577830625
93718433223032 135888495315795
99316247887643 117083919094681
62960196038320 117884390172396
31395021100094 39070428263290
13255261923729 171556933853581
161243537188765 179850007018794
52031256328404 104305095181610
32907314061892 75631996063370
17536020695020 95193874618906
92108753683556 176948987473407
9629488325360 83869444428152
14138297671784 93488765435324
52555384210199 78701868060934
151970381172192 154876045087491
47841755229455 137783427514525
13818605817926 69171365603468
117275360137702 118328627055297
65824525584596 86050576485616
