1
1000 1999
358 849
849 566
566 922
922 862
862 327
327 295
295 462
462 970
970 745
745 411
411 475
475 465
465 378
378 246
246 806
806 137
137 511
511 544
544 219
219 599
599 874
874 879
879 945
945 810
810 981
981 609
609 571
571 154
154 194
194 192
192 499
499 597
597 559
559 647
647 393
393 653
653 880
880 174
174 396
396 215
215 352
352 759
759 837
837 621
621 484
484 747
747 989
989 859
859 43
43 360
360 930
930 280
280 406
406 336
336 830
830 558
558 611
611 333
333 961
961 211
211 522
522 239
239 871
871 967
967 742
742 7
7 422
422 263
263 19
19 528
528 689
689 548
548 616
616 739
739 87
87 312
312 866
866 103
103 514
514 388
388 867
867 688
688 646
646 848
848 603
603 899
899 391
391 790
790 563
563 946
946 357
357 138
138 208
208 60
60 648
648 576
576 589
589 149
149 70
70 632
632 983
983 869
869 864
864 619
619 529
529 184
184 778
778 941
941 1
1 164
164 677
677 271
271 543
543 112
112 551
551 212
212 222
222 602
602 93
93 763
763 701
701 554
554 350
350 135
135 124
124 110
110 306
306 196
196 423
423 223
223 535
535 364
364 307
307 421
421 664
664 356
356 855
855 383
383 497
497 253
253 914
914 651
651 372
372 29
29 456
456 190
190 676
676 894
894 728
728 79
79 26
26 694
694 471
471 988
988 610
610 225
225 258
258 516
516 334
334 950
950 181
181 873
873 633
633 957
957 313
313 697
697 606
606 44
44 111
111 167
167 281
281 432
432 50
50 308
308 242
242 126
126 369
369 885
885 686
686 733
733 210
210 601
601 424
424 77
77 695
695 56
56 856
856 640
640 243
243 736
736 415
415 374
374 262
262 707
707 461
461 581
581 924
924 789
789 368
368 797
797 750
750 489
489 534
534 729
729 737
737 767
767 652
652 834
834 261
261 962
962 557
557 768
768 376
376 198
198 470
470 620
620 975
975 718
718 341
341 59
59 346
346 145
145 721
721 54
54 953
953 107
107 607
607 195
195 502
502 567
567 628
628 220
220 427
427 960
960 248
248 657
657 585
585 555
555 719
719 518
518 228
228 88
88 766
766 303
303 305
305 519
519 254
254 459
459 251
251 221
221 741
741 772
772 671
671 725
725 538
538 780
780 84
84 976
976 713
713 472
472 290
290 321
321 128
128 752
752 186
186 61
61 476
476 569
569 898
898 16
16 325
325 467
467 493
493 438
438 612
612 675
675 596
596 825
825 100
100 365
365 205
205 143
143 912
912 6
6 362
362 28
28 319
319 464
464 979
979 417
417 892
892 842
842 481
481 457
457 730
730 442
442 748
748 536
536 134
134 990
990 811
811 822
822 27
27 564
564 156
156 540
540 553
553 645
645 274
274 608
608 273
273 545
545 627
627 349
349 91
91 826
826 705
705 998
998 626
626 428
428 673
673 769
769 37
37 197
197 200
200 434
434 409
409 148
148 532
532 638
638 129
129 670
670 913
913 377
377 574
574 586
586 940
940 878
878 172
172 227
227 491
491 539
539 373
373 392
392 699
699 315
315 605
605 792
792 751
751 474
474 430
430 316
316 267
267 641
641 81
81 732
732 180
180 923
923 185
185 846
846 8
8 256
256 804
804 49
49 241
241 524
524 361
361 858
858 278
278 530
530 187
187 410
410 65
65 139
139 799
799 895
895 57
57 933
933 520
520 445
445 20
20 13
13 636
636 761
761 300
300 347
347 583
583 414
414 824
824 918
918 882
882 201
201 541
541 561
561 453
453 348
348 679
679 916
916 244
244 15
15 401
401 106
106 296
296 206
206 66
66 805
805 884
884 756
756 3
3 236
236 232
232 449
449 515
515 32
32 525
525 337
337 463
463 800
800 765
765 17
17 23
23 809
809 399
399 69
69 501
501 407
407 749
749 293
293 943
943 724
724 64
64 202
202 159
159 942
942 908
908 437
437 118
118 547
547 384
384 425
425 18
18 634
634 685
685 735
735 446
446 395
395 857
857 513
513 344
344 667
667 779
779 577
577 340
340 757
757 720
720 663
663 617
617 973
973 366
366 284
284 204
204 836
836 631
631 573
573 496
496 48
48 309
309 546
546 700
700 795
795 717
717 927
927 698
698 847
847 400
400 76
76 150
150 460
460 683
683 509
509 332
332 199
199 952
952 955
955 875
875 152
152 630
630 709
709 99
99 702
702 282
282 928
928 413
413 235
235 299
299 907
907 829
829 770
770 787
787 331
331 853
853 654
654 743
743 860
860 578
578 712
712 706
706 291
291 68
68 441
441 731
731 932
932 94
94 330
330 890
890 643
643 537
537 405
405 115
115 877
877 510
510 270
270 132
132 483
483 482
482 993
993 816
816 832
832 965
965 351
351 815
815 827
827 997
997 53
53 812
812 523
523 690
690 723
723 292
292 624
624 753
753 708
708 51
51 250
250 207
207 213
213 991
991 408
408 63
63 104
104 289
289 903
903 297
297 507
507 920
920 807
807 343
343 451
451 252
252 622
622 381
381 984
984 170
170 176
176 839
839 22
22 379
379 893
893 397
397 163
163 119
119 326
326 245
245 404
404 556
556 821
821 301
301 436
436 959
959 996
996 178
178 2
2 972
972 785
785 265
265 182
182 570
570 218
218 240
240 389
389 615
615 521
521 477
477 157
157 329
329 722
722 625
625 935
935 264
264 796
796 911
911 861
861 370
370 120
120 828
828 371
371 883
883 594
594 433
433 508
508 552
552 294
294 324
324 109
109 937
937 123
123 80
80 531
531 314
314 971
971 896
896 963
963 85
85 982
982 101
101 906
906 786
786 650
650 644
644 34
34 323
323 915
915 275
275 734
734 764
764 171
171 803
803 665
665 466
466 876
876 448
448 175
175 288
288 230
230 692
692 744
744 788
788 881
881 669
669 974
974 4
4 512
512 560
560 114
114 777
777 823
823 125
125 865
865 11
11 887
887 435
435 618
618 781
781 479
479 302
302 682
682 234
234 387
387 987
987 575
575 67
67 901
901 572
572 217
217 687
687 661
661 162
162 39
39 639
639 419
419 672
672 82
82 740
740 691
691 122
122 710
710 926
926 947
947 999
999 931
931 14
14 985
985 668
668 47
47 696
696 659
659 191
191 141
141 549
549 703
703 900
900 363
363 738
738 977
977 386
386 746
746 838
838 426
426 458
458 794
794 590
590 95
95 851
851 55
55 954
954 614
614 506
506 226
226 580
580 494
494 773
773 209
209 949
949 398
398 216
216 46
46 183
183 136
136 598
598 956
956 469
469 335
335 711
711 919
919 420
420 338
338 517
517 568
568 818
818 980
980 813
813 416
416 681
681 452
452 455
455 969
969 113
113 102
102 642
642 98
98 762
762 678
678 637
637 655
655 904
904 31
31 674
674 801
801 41
41 89
89 635
635 279
279 42
42 936
936 833
833 550
550 203
203 224
224 755
755 298
298 266
266 310
310 269
269 116
116 793
793 144
144 592
592 958
958 613
613 10
10 503
503 268
268 658
658 852
852 714
714 450
450 533
533 831
831 854
854 870
870 160
160 367
367 994
994 593
593 12
12 189
189 52
52 968
968 382
382 58
58 257
257 754
754 83
83 500
500 480
480 71
71 868
868 165
165 412
412 345
345 978
978 277
277 986
986 238
238 342
342 715
715 161
161 623
623 130
130 142
142 478
478 285
285 776
776 322
322 863
863 495
495 939
939 168
168 74
74 850
850 588
588 320
320 783
783 439
439 418
418 188
188 229
229 727
727 504
504 905
905 311
311 948
948 591
591 231
231 492
492 173
173 902
902 394
394 328
328 5
5 814
814 872
872 817
817 666
666 24
24 820
820 249
249 390
390 526
526 73
73 562
562 771
771 97
97 283
283 30
30 385
385 584
584 897
897 259
259 726
726 604
604 272
272 155
155 317
317 1000
1000 403
403 693
693 193
193 774
774 649
649 255
255 487
487 96
96 38
38 680
680 286
286 402
402 505
505 75
75 237
237 964
964 704
704 146
146 835
835 380
380 716
716 808
808 758
758 488
488 247
247 153
153 447
447 910
910 440
440 629
629 840
840 791
791 582
582 359
359 40
40 151
151 784
784 992
992 909
909 353
353 845
845 158
158 260
260 78
78 579
579 354
354 929
929 662
662 166
166 304
304 35
35 490
490 891
891 782
782 760
760 844
844 287
287 179
179 339
339 33
33 889
889 802
802 443
443 72
72 944
944 542
542 684
684 214
214 36
36 819
819 177
177 841
841 660
660 888
888 105
105 131
131 140
140 92
92 798
798 886
886 133
133 565
565 934
934 995
995 429
429 951
951 169
169 233
233 656
656 375
375 486
486 527
527 276
276 318
318 595
595 921
921 86
86 843
843 90
90 117
117 25
25 917
917 966
966 498
498 925
925 587
587 468
468 45
45 121
121 600
600 473
473 108
108 485
485 355
355 444
444 775
775 62
62 938
938 454
454 127
127 9
9 147
147 431
431 21
703 359
558 138
180 380
683 762
821 492
913 878
976 836
347 18
708 793
967 407
70 410
507 843
779 591
942 477
29 877
977 249
507 637
26 892
369 417
69 595
701 667
619 101
57 397
656 843
530 106
60 123
208 98
22 75
539 685
51 163
274 541
348 505
890 560
227 338
988 764
963 317
44 157
657 523
240 448
815 793
759 765
461 161
862 239
313 524
774 146
981 699
717 144
449 109
742 63
20 328
77 62
244 386
525 791
874 178
677 562
709 413
627 937
219 619
48 927
358 89
611 669
729 881
85 936
742 99
463 875
520 367
769 546
536 755
988 113
190 696
83 951
701 456
828 672
15 68
276 485
420 311
609 889
168 359
37 446
790 610
461 63
227 919
739 31
424 622
438 140
79 150
321 785
41 311
179 140
100 270
349 934
404 487
810 912
502 237
49 939
413 655
217 840
135 816
836 397
646 156
724 942
76 191
188 542
315 64
667 643
193 782
386 794
87 452
135 980
640 292
585 157
226 486
567 839
465 847
687 852
419 704
548 755
107 99
421 958
205 473
711 833
369 916
456 379
84 932
541 331
996 339
839 833
525 803
294 380
831 285
79 221
566 445
372 924
365 595
569 73
606 161
231 233
184 527
809 483
996 818
212 181
144 835
274 237
737 249
59 629
898 287
145 186
362 39
22 182
219 381
946 677
611 66
434 846
564 817
399 860
307 838
81 959
249 96
848 791
275 852
411 816
18 217
7 33
154 751
713 6
227 662
336 967
998 907
767 510
144 844
462 801
358 230
250 507
258 224
534 376
689 392
627 115
187 754
538 63
7 730
84 799
290 927
514 413
378 158
126 234
620 540
952 418
754 402
261 550
335 791
64 955
873 596
253 247
981 863
566 320
188 995
930 721
976 82
670 574
708 901
605 625
913 812
599 168
846 58
895 494
564 234
719 586
541 588
668 478
280 211
859 207
939 680
848 4
194 622
696 45
855 225
350 842
207 41
553 175
506 102
22 113
423 748
679 381
152 104
554 188
274 241
118 147
937 67
889 934
661 980
273 814
457 51
29 889
336 505
525 118
728 604
212 592
664 329
790 648
499 349
284 95
706 840
93 882
226 588
554 803
705 808
733 685
415 278
571 123
930 82
630 133
681 345
589 690
707 106
15 770
53 4
59 159
692 73
900 431
839 974
456 622
638 779
81 66
733 947
724 984
154 921
979 204
596 706
660 431
972 298
646 216
261 349
937 276
751 1000
333 755
763 706
472 638
519 510
321 483
993 560
710 328
88 673
677 497
50 546
352 591
220 299
126 666
347 845
885 205
859 616
837 802
411 859
65 202
171 666
93 2
246 923
543 429
446 304
454 21
739 350
545 338
98 249
898 638
599 620
358 205
111 353
301 21
435 503
713 931
313 279
823 335
707 375
998 444
515 971
341 460
697 461
48 398
428 351
701 275
849 497
872 193
696 568
493 65
306 307
713 668
149 722
377 916
646 140
501 889
61 572
824 151
209 41
579 179
682 387
489 803
566 741
796 661
343 487
943 659
221 665
896 144
305 370
365 150
627 940
628 265
284 613
284 668
650 575
848 266
160 158
421 594
544 151
745 451
535 666
522 213
149 737
559 707
59 382
564 951
729 416
160 83
686 385
361 523
664 363
102 131
248 298
461 446
339 36
973 807
356 549
656 468
688 17
471 281
701 69
874 814
225 695
263 917
368 245
356 893
640 198
462 417
164 456
893 217
648 743
81 42
847 98
475 503
271 901
180 407
974 193
559 47
695 220
220 315
513 53
482 692
289 956
218 86
305 550
220 910
87 565
669 977
855 35
689 58
534 673
481 71
863 272
17 854
366 506
222 375
164 990
273 202
119 33
104 335
937 591
406 517
81 367
842 627
109 906
148 165
93 130
284 727
887 140
924 251
198 687
327 164
699 382
373 118
686 655
893 986
813 843
776 505
558 94
610 452
27 17
697 416
509 844
670 738
200 241
755 929
626 335
55 31
275 575
627 872
200 843
112 157
982 426
918 925
653 324
37 367
362 508
849 201
315 921
409 35
639 473
816 102
428 440
689 277
115 591
178 209
377 582
912 69
320 938
653 584
525 815
531 142
859 822
637 62
374 979
601 569
235 245
433 310
805 338
442 740
940 480
176 715
610 337
265 9
457 917
931 287
821 550
589 101
499 979
512 260
19 973
836 949
227 443
388 125
295 589
327 131
941 820
586 838
625 224
472 614
721 92
200 141
748 332
686 204
321 410
362 58
50 349
13 413
616 552
698 447
464 265
242 752
639 500
858 400
811 710
826 182
846 634
222 913
95 169
87 737
882 932
677 197
248 666
551 143
358 544
586 64
174 338
85 562
562 579
846 173
669 412
632 782
800 661
873 828
513 231
129 884
652 524
72 117
809 590
991 203
3 959
685 90
263 694
858 978
341 666
761 531
417 136
941 996
514 555
646 929
632 72
261 794
59 890
826 521
642 447
750 905
535 335
634 132
337 90
263 136
3 22
940 889
849 924
476 401
792 8
333 166
113 595
254 575
603 305
679 991
87 467
23 512
356 158
638 517
280 848
150 746
796 666
19 331
415 772
962 33
548 183
60 31
585 276
333 520
583 288
574 404
1 80
663 277
739 223
37 429
854 715
336 368
357 376
28 235
446 935
761 819
927 335
100 224
577 48
621 296
879 430
368 152
192 10
981 69
305 714
739 686
713 283
825 744
777 162
475 19
7 262
239 166
19 560
529 458
181 714
952 36
720 183
520 266
594 649
138 42
675 414
636 958
528 684
213 814
567 971
60 889
656 454
566 542
786 696
242 982
874 347
357 604
398 711
1 737
415 165
976 235
156 413
586 631
834 771
192 687
302 155
601 397
970 691
107 217
825 342
298 342
433 226
769 785
989 389
990 366
164 713
983 555
609 930
919 802
706 784
943 75
407 966
457 4
561 58
983 242
869 534
61 735
168 74
604 680
603 774
620 857
20 501
391 579
529 468
721 448
827 503
433 102
901 36
18 147
541 169
211 75
476 614
137 710
588 147
982 144
138 734
64 30
856 672
262 240
211 794
281 177
567 997
996 568
535 282
250 188
137 683
220 275
930 803
873 259
382 233
574 521
607 324
244 656
98 468
663 131
341 817
887 420
99 133
156 938
609 453
821 259
543 353
376 760
295 827
543 979
850 925
707 413
863 166
48 781
246 95
315 927
946 63
627 600
878 244
188 584
365 902
156 574
432 373
352 260
809 901
911 435
359 684
535 193
788 500
739 665
827 527
981 986
357 178
386 398
365 709
333 135
184 965
415 240
423 12
581 661
43 772
22 380
383 204
346 220
215 853
765 490
922 377
462 651
462 546
335 304
856 668
809 770
563 889
111 769
640 766
880 677
389 78
946 189
111 657
616 634
107 539
569 578
912 692
428 916
369 250
518 457
148 187
264 925
194 845
511 702
292 82
658 487
347 68
136 439
407 473
347 213
576 414
568 678
18 381
395 973
688 16
914 237
464 910
102 886
434 133
516 902
280 128
481 703
217 623
970 45
586 547
428 918
862 272
437 395
331 177
765 942
456 155
126 690
106 277
615 183
973 355
423 25
669 287
331 868
908 868
679 891
789 520
647 250
790 845
16 853
894 159
592 127
729 600
388 656
61 824
409 344
222 881
529 242
499 318
18 152
532 938
793 902
612 403
411 794
529 822
621 661
829 38
548 9
700 435
222 416
197 260
799 449
243 852
292 259
723 317
411 127
240 715
329 173
373 316
396 256
689 124
27 524
610 485
520 408
396 906
250 613
93 379
221 935
975 693
306 645
912 863
745 791
154 20
569 931
547 199
634 863
766 709
689 537
349 782
422 782
460 343
368 480
898 932
340 662
187 203
641 923
165 229
480 412
122 746
184 886
393 255
620 165
401 844
732 966
474 133
696 488
426 443
307 733
50 820
455 58
879 417
463 158
286 454
603 813
70 216
702 986
737 811
688 37
164 564
766 268
710 127
477 385
607 592
118 141
821 881
554 974
421 712
163 259
400 958
551 52
990 40
227 147
219 567
735 917
688 541
482 760
848 372
358 918
257 385
605 687
376 590
860 301
708 127
499 237
308 416
898 439
724 18
898 617
729 420
561 238
543 315
522 917
499 126
610 606
410 572
377 909
445 466
767 292
135 267
733 256
877 934
414 216
561 353
172 298
242 319
603 721
321 943
106 259
238 490
414 674
188 886
39 696
241 658
945 127
689 768
605 917
436 238
267 282
756 482
445 508
210 995
109 188
626 636
459 353
7 546
976 283
362 881
231 934
461 722
210 276
472 902
152 654
156 831
453 927
230 387
528 954
546 144
57 629
245 813
633 241
993 390
69 269
712 141
665 831
606 887
141 802
531 549
977 21
837 213
191 851
6 860
268 58
389 402
223 686
714 412
766 274
721 680
703 444
369 178
879 574
407 214
8 572
643 888
567 240
538 151
362 273
111 318
275 614
657 596
531 776
88 297
471 876
745 698
860 207
880 661
566 935
943 542
1000
110 749 660 551 750 626 278 645 892 87 171 874 335 524 668 94 866 837 741 596 525 671 170 756 748 302 635 376 364 669 995 341 266 535 39 589 983 182 977 904 255 11 691 682 2 130 924 372 780 211 62 608 804 979 711 248 723 375 89 192 676 935 385 737 463 836 768 115 365 818 876 583 430 303 755 810 492 441 443 913 6 941 296 468 568 693 237 618 786 412 117 411 963 817 427 698 465 66 482 46 355 855 552 962 292 102 329 659 506 210 920 447 360 458 61 264 681 359 969 717 871 887 894 128 379 840 397 566 735 550 76 446 775 864 286 423 625 673 245 766 154 854 944 318 986 886 622 7 291 439 958 404 692 742 354 462 183 82 683 899 791 367 382 435 554 157 68 457 180 860 250 921 951 823 320 772 536 455 334 573 530 990 153 284 959 629 591 806 169 623 888 158 514 802 799 132 288 997 821 223 891 549 736 674 209 259 763 26 820 739 21 974 106 523 985 279 445 227 655 33 606 191 867 204 776 165 488 254 389 917 893 621 421 571 17 40 994 601 384 489 721 521 665 712 947 989 527 386 177 787 475 81 143 815 964 595 503 709 407 792 152 340 90 793 402 664 826 44 515 27 181 454 534 604 460 59 938 277 260 900 555 502 607 140 827 914 486 936 301 657 396 98 841 688 978 297 156 996 811 687 444 425 213 901 349 13 380 187 78 632 168 239 516 216 831 477 133 873 222 265 609 861 20 909 569 338 363 224 336 650 587 740 496 553 649 390 42 426 438 208 31 234 190 847 695 369 269 570 370 55 113 816 845 10 586 798 907 108 724 538 453 95 834 672 1000 976 616 705 751 559 580 258 348 195 200 29 877 613 548 603 142 753 870 915 206 584 564 84 955 547 543 436 452 560 556 706 675 326 285 722 653 357 542 345 868 373 337 323 315 310 53 563 832 808 197 14 96 686 127 588 178 759 576 420 225 493 908 229 684 240 308 139 972 298 24 825 539 41 50 611 939 624 215 842 642 299 520 652 522 970 351 988 358 992 344 835 193 614 429 392 998 125 715 716 719 54 166 812 600 424 838 764 526 890 923 966 738 561 456 744 619 15 366 469 126 470 129 34 746 273 109 641 863 252 916 267 70 758 23 884 918 289 395 406 114 304 879 714 501 661 43 378 347 52 667 590 422 309 199 699 270 19 577 881 442 281 507 480 450 572 268 387 558 813 440 689 184 949 212 122 783 368 499 474 853 491 146 262 765 518 856 448 927 312 198 965 720 557 745 680 529 433 123 932 794 145 597 105 290 500 119 432 217 615 175 327 795 331 118 471 882 75 662 135 980 80 399 779 592 937 598 677 400 163 74 147 325 654 782 531 956 283 495 28 704 999 708 124 88 702 703 241 485 167 481 857 434 306 282 77 151 773 275 401 925 731 839 769 498 513 830 414 409 850 809 844 957 726 585 975 342 895 546 897 294 859 263 51 658 911 602 99 710 638 381 943 905 249 274 32 305 22 824 803 238 685 678 97 100 112 896 940 69 214 774 155 377 314 111 12 272 362 789 902 276 328 648 747 353 729 300 256 497 196 280 929 636 86 928 762 814 3 287 732 431 138 883 849 828 541 926 464 478 231 954 257 718 727 968 393 878 35 403 186 930 670 785 912 56 388 121 898 532 953 218 253 361 164 562 134 418 220 131 851 725 833 679 760 449 374 948 371 581 967 47 5 58 796 150 593 319 394 205 637 690 646 16 48 800 244 612 8 73 36 324 408 410 63 640 92 728 230 872 942 79 487 174 666 162 880 91 332 71 65 405 790 236 694 971 510 346 910 415 67 777 176 172 519 60 617 889 819 754 226 594 316 207 472 931 805 961 757 512 545 161 771 243 843 511 242 339 93 643 945 476 761 885 862 116 120 829 417 630 64 459 321 148 770 419 490 605 981 428 179 141 9 333 781 467 574 767 188 865 567 484 85 173 582 788 101 707 293 647 383 628 160 504 946 72 494 987 696 950 202 633 952 437 846 807 104 228 701 103 251 149 565 483 261 203 713 144 18 922 578 933 343 185 700 784 540 875 634 246 575 544 4 984 38 579 733 991 479 919 473 247 194 322 644 233 235 903 801 509 25 416 451 599 982 651 83 743 307 906 627 30 391 656 466 730 631 852 797 313 461 201 960 620 317 136 610 49 663 993 752 822 57 508 934 517 107 330 697 137 398 1 858 159 219 356 189 45 778 505 537 271 528 413 350 734 869 37 352 533 311 848 232 973 221 295 639 
