1000 1000
238986702 335784609
415477933 607382366
589022794 812082344
332797111 772832068
135706672 182658927
331750209 435094583
568147748 742241303
52342491 574325557
151962378 955299919
63598479 598131499
320281495 845990031
59705526 621933904
250375168 855212721
30175718 293391268
360266452 763964373
297427278 412787222
266751941 957266264
13401280 530278390
355348499 480911225
581650574 798004488
472878912 912008422
504471985 824422428
685264125 966081695
93767636 226241439
151870476 349831997
325421390 540564513
126389230 634443056
492295730 556991514
203439979 302687208
136375570 763693781
425062122 978636141
753229765 979104252
144860433 539913754
24915670 586890862
726906330 800941121
432153173 448178486
318025984 624762302
555669560 728649644
73338195 795280695
278080952 861556893
555533191 945434598
566279664 987372043
258164721 972630667
254597078 654784066
155551032 770247117
53811050 359603141
10737875 355261530
93197883 831411214
646909395 838284426
353315029 922628874
14511021 484817892
16373362 39715866
397989975 786955437
268821291 954226146
274742967 889686640
362241463 837494615
295474226 665968863
660804876 761769155
114159921 778125909
816021818 879052492
187277954 193048354
285352003 733012432
70269934 243050446
145932443 362637377
3874748 511473273
229667184 304087765
118828625 449042298
368533013 914041733
88515804 145766222
168653128 417269742
221213411 760367255
123909183 134062931
122861581 569836269
528017582 653639971
121247616 777499965
132965339 795338174
21182623 235640204
303767515 623822901
137409302 475658571
182133871 492065542
288576235 705300873
366284589 620094454
120170973 159402356
320425232 782566628
383615779 405188993
455270143 948450610
225546613 698776801
66357772 737764308
197890489 584463754
35850313 149721242
588699538 920610579
634899071 741020930
162933452 509571361
44569330 298890146
859175141 900325825
573331065 947554866
618834017 642288446
247889279 653669238
234689367 422818886
131576817 906200053
782344 899936506
15441138 275346185
164470236 655250490
107948789 517904814
60755936 189212484
267998644 849099447
127213170 473778983
261333813 921118516
186075249 709021061
145752124 536490078
23981231 543039275
213902775 302935741
444658300 796835125
192941329 634978487
784720762 858673258
50989953 355097899
565796775 948466403
279647657 477268716
290473850 404570648
186486999 918273128
263248433 746282693
117725909 376090415
163603555 807619238
372084380 472783804
34172434 85687305
20890413 249821182
775637775 843483766
34586096 877273095
571648418 617574744
203736442 911675953
309462369 709359009
92358059 428520614
538840548 543052619
690781008 780818957
7103321 513666152
361571770 977253509
189337151 813967571
229686783 506999298
335029905 699366438
51004502 802108448
102666330 736280133
759805697 861580397
405565102 971962263
203344950 220294889
217319333 491983025
73751531 985831537
47368611 774001372
810012060 974249140
104505235 111766021
252773171 681156054
179437182 678050081
69576917 988029691
350196687 394931265
434820676 520737772
332102382 879841111
320161807 431700482
143324482 427213870
659224056 965492985
213771604 802633016
96817256 660087527
580415968 659363083
508455171 635196214
148269911 974585610
5462606 147483999
956283470 997745890
191313197 809577872
641789727 671906858
300566882 809504447
789636960 831330312
57190234 936648868
10143205 690670833
91561715 129769370
18365492 56311107
287709781 503674452
736947260 742297820
94222314 659064991
516523922 751641837
324927682 955729128
214246245 710475148
46611356 588326716
653098561 740019523
240824699 844109096
500314100 582355724
563202229 887921861
219407221 433033652
603506697 761243078
32001348 692990994
25809029 52091279
562138734 734187229
25645056 419414137
126896391 612906856
203634740 292359538
138589198 783803006
594283487 749338060
64570185 234670537
127897418 668970643
56614588 704612272
642652845 682730855
239539385 980121710
78287 196811414
26783924 800356628
55730083 861198756
147629645 359820001
171185391 371327351
92669123 176242320
620730303 933896823
369954659 950337565
581718742 714444648
102814716 522605769
512936897 616937731
237835789 344355130
532877026 753385146
363601733 391648921
399773558 414992947
172325388 577763423
46720296 964274903
248762895 620560617
774075105 923876376
502403112 548454020
687971120 875001744
338525940 532571138
308262075 729139175
318096595 344355874
84750531 468373872
90779447 111205635
462841571 944742892
318080566 348457761
436430333 710646231
114289327 859316252
758413656 818006243
318940660 793534424
804814715 818144424
202823528 259038554
125648552 840403705
313812512 712239131
2805197 7331865
609497910 847284744
202347301 388978378
768732291 784080877
504901977 580425898
29922205 78209030
74478316 172172937
260355640 571911529
94812293 115174523
223069172 863935231
333179657 345584279
491027113 982777242
62887479 695767883
585241207 918318349
13191824 693785985
440267700 575157812
279448202 821350555
83825332 263300478
139574685 357691138
241860083 565644131
118441947 587415350
138759453 215961227
718780439 813908062
582594548 976579916
162063707 860334848
337036264 797700078
398421396 902599524
944770725 947525780
109673128 111091213
252293528 678252277
431512944 764542563
248913903 611275681
113384330 881096143
114425478 703923000
330758588 536403279
678015095 976847451
629939222 826531130
371459298 759681057
122476695 711438213
700216482 940663652
127643797 129226020
131838197 557543961
116335148 847872183
499181317 761902744
492008012 856274501
219844140 783245360
490389826 966884629
352028397 794896423
550069978 961977138
179565234 549175601
400516521 465370819
505588284 869076589
168125172 546603295
856138093 969417559
537365613 815026567
198895632 453612483
29751806 221885897
252213529 670759706
278204305 844479614
245117961 443063209
299400715 452333327
530741169 784446289
291003046 554425704
324751516 785918768
533678867 734786978
62034848 523119312
387378779 508722822
156593754 301558107
345891956 861967760
770092608 805684769
71025984 557489567
409110091 865100855
254389530 913840530
452678938 961621948
131480850 189252447
742750623 975527888
162717545 871462073
762002758 956257045
200357885 347916790
805391198 997089657
239999183 644492770
669224903 815160982
161270324 885381965
233258422 814199179
90765211 551215710
86084557 960211494
336208005 549022589
184432962 973876078
577967287 683073764
614043231 720663644
336628760 811935420
20075833 263938012
664802699 911250207
71528999 907904784
299040423 531152558
212178382 848500912
212825807 832647509
871791059 991093566
26854940 164890088
488602152 676241950
17947371 314814654
161479409 285173414
620589973 751338154
223469408 945789691
579521715 994316959
3486374 870006010
155719191 778253174
49197640 746512654
87081203 969037165
423308438 527237758
22385673 41960900
79318256 350687095
387314927 521229541
2728178 968632051
160422388 371139439
153282384 545075458
5346721 679426032
223482473 521341562
587548267 639364767
270684165 385843446
9467552 282904612
628375399 648811258
101430368 386369856
221046526 538335130
92310157 482687338
225714539 300830924
50064925 557349440
11886297 68993980
559811708 686317369
523121739 688856570
233555287 287777062
25408817 62275638
478039279 736718275
38011378 121172511
134890023 619045622
66975878 966900692
129359917 222127413
146078008 635049452
477036265 723744623
254340834 955015908
204960864 734597216
500779144 887537162
534910565 728197299
140549247 562123880
372085448 634483136
375003788 923351072
112464739 563817804
338081837 862269876
17696642 107815516
296045055 910222855
585882499 667364383
241656246 775464920
268772399 795700940
235045166 569557038
450472562 517674413
59663129 722452161
178146819 452990809
276899514 354721508
288820356 709686856
378518846 664122613
131706575 746231732
79042580 612606778
150819128 974126950
202913584 699019353
265208385 625074851
476235441 935801383
446307856 857811892
704480454 816615530
225117056 524014508
444259510 818369487
147594877 542868230
551612235 605385612
192296813 933253113
650562823 734179646
623681656 911351112
207644835 595223836
507584338 597249522
264970266 909449855
34535571 54816720
635855011 987682902
301332799 821578708
27010670 227005472
40972344 113561429
417792493 732170095
507175166 552906669
63940104 999117612
155321134 418669570
446994000 754872746
175521894 437503200
280009446 542456041
556786880 792839705
12742054 527023331
234704958 426259653
196284233 803339910
149531978 254436902
85848974 982162955
136709057 553141037
168848642 288146324
155529608 815246087
209953199 846058760
548196653 919409204
191153298 239289232
592801162 629240310
255968688 880431576
479038212 652268211
684907342 739532947
450617821 819390688
44463969 749962317
580400508 774707106
603585246 977952550
24312136 43372679
123293718 475009642
732143470 779303241
97683655 258560463
2639883 359077380
207163021 852394319
625749476 973997376
14620100 946486370
77885307 634766452
218790508 553245383
155898035 869753185
469753668 543336301
85971265 637718529
478508303 605992470
189296222 459897657
569669881 881582861
165527475 336634919
129360938 783216842
829631018 842938080
30718237 220670527
6000930 313144022
541087263 810047379
557780714 992597089
233474561 457002858
402191128 552249444
525964871 547603429
494368310 836222013
186246697 666645696
730941110 869941964
174472290 784637741
874389511 917843676
82603792 666744344
140510891 184934631
204118086 695722562
350158325 532312669
690513957 912532116
424833084 998365313
120494637 635693707
738859553 774292138
225898812 322944401
185064683 805287473
46087458 112612067
179164612 966643156
16601175 850431518
187065353 400587181
89465417 190362021
43176543 594245620
236365938 309109080
960664412 969115021
877964144 982457708
161022556 563201047
92241178 805078125
487661710 766916745
60260622 876535315
179378343 758272284
85014352 439023861
740308606 867109469
300781272 611776710
731033370 996561644
224910971 231051187
262185596 909081315
16882621 119437843
102465812 235333827
235789788 597925892
371214271 705076366
267953033 404421816
173766393 385003206
208695765 438678612
15060862 145939604
324033592 346628361
871629788 938447805
290227422 557394739
399427667 821206634
19669202 849441389
541585276 847960301
31956227 702423951
241810924 385860930
485959328 624320424
218966934 373527745
177931398 316584362
296611455 983511354
461493839 955789201
6517709 593845161
431370412 528770048
83505048 642506053
123505165 858254153
525293564 808372982
208396022 713635052
460529743 517728552
569894398 640423061
481276683 997088491
104342220 631178683
323449082 966222919
233459164 976494418
351957560 553060658
54226434 757091593
252927977 343859831
24075766 70878907
35841434 115893559
265678941 960812995
84937114 186383546
869024532 898603794
215818545 239228587
681693150 839206077
139067591 468913820
871098257 983528196
321998026 962220135
706331234 905470251
441120728 837604721
264205737 400920287
896268894 962026789
676461601 946284378
474462940 980187193
654171005 751386393
284331917 744705836
558095734 903519785
77168697 881713554
95533064 393845962
281300144 988315100
695033149 878462213
242127274 443806507
729361420 951831553
414271421 532349614
98140042 796836009
237502182 977565613
85248497 130179479
764963541 882235610
379625040 564386673
16167544 190768641
122422352 240269686
522696740 857549555
343629920 516820943
30566156 81953469
238205975 939648004
400035292 877607489
186662257 854078510
365812792 738113815
605371391 677539535
129951314 698441300
565022540 846086423
91615823 123826194
27446984 323271081
455921299 613927792
190046296 555924608
11908545 447554112
511915379 898239956
176243680 992213242
57363449 505755136
832875037 906431600
39202357 155769109
175776289 437844863
30359435 59304728
367291259 739575814
197359631 919312696
677174505 768198836
663801113 847094750
362335471 572358904
162000053 582634516
290842682 458154048
271148400 428696633
203887380 781404790
489702129 602632029
206805579 428471549
34202526 436925620
288010185 873994756
83288985 470280298
202589294 842796260
198945008 536060598
165350166 429970287
354016220 478906124
269326813 971209707
299750845 874388785
104069916 483632697
56669340 151020464
825851733 863818092
25018763 983948792
582708903 607583450
117551235 518359847
603677754 782871735
157510251 922961696
696066191 789130093
247152934 774897619
326583810 913050562
391025649 529923660
102107540 141561218
476742489 904120743
743938069 843660674
419507669 860160837
2867674 887759047
313414290 339972308
875525928 940244789
67115989 582988234
124234687 748551483
636982442 898713545
231988744 958935232
58658370 838581526
35486757 167538429
71604250 443329815
46589129 468777812
622734380 782095504
294006648 316720008
559807677 632465822
81430909 207955160
12291472 770091128
73561177 75016065
281753135 456000850
475523135 921834829
267755991 942239084
532054900 955353470
69973411 772267510
178184089 375324720
262173097 403987830
102411977 829222343
693844749 800732855
145078589 308982848
166061947 798890713
347428904 850087535
514819760 630020806
168032701 853341332
538604803 779466127
692061932 986089871
126989958 352126564
216379149 423533429
760495713 826457437
12628121 581355855
707000200 993137883
12369414 93921769
157769406 233975728
90077581 646125218
35336680 257158367
162450816 449133159
78735950 569136347
334853195 572025954
587747326 767543244
234453035 533959390
955084902 983371743
112953978 432403880
181948244 563153246
133324379 173330675
474010374 609425069
160833919 734593374
356393192 807044242
442201772 780424781
447256269 945471274
565841696 883067198
476731824 928521091
375855967 426929544
171236514 300519003
163341632 709089916
125157974 842250474
126809125 630282724
265484158 824622612
228971713 358313419
418969582 798905401
555091717 723164007
479374960 955958126
111678544 548064441
269270510 981699261
944627494 964131700
341536236 730164511
241362844 573242359
374785047 955499182
708779848 963852124
437130586 971839520
549726146 868947536
116709597 762739359
432841493 805878479
121447053 394187122
93199556 920269641
353992513 562360099
837600355 928145006
573471363 731886031
86062779 834502361
252998417 933726691
319803248 936030790
557855110 927430378
13353912 955048420
473473808 876226967
37358121 262620980
477767778 728690889
287451728 795799707
235457094 646667343
678057728 984554410
796897921 911218346
175170460 622443394
240128919 422733186
832243534 887050665
96855240 656182864
234365660 630112952
239868038 352971044
222553069 987523323
241479953 431218049
363300451 887760727
147492683 378770794
194415853 468965207
327228273 781092139
254226404 883020359
140520381 164194436
248620354 260457539
861571632 883185422
446288788 849569350
218106745 726534551
652122944 912992826
213359635 456990783
203056598 693458104
20486359 546243154
243678381 567527780
276628460 425724280
51588275 424178872
892207353 902629147
121771068 591731350
282374398 800313851
207815160 839521427
105743157 418337417
399835295 867251353
185776350 514331204
345504305 896883237
931592995 954027390
564265426 837458850
780089761 946957591
747186280 785269660
238867285 673851054
55638179 409065659
190438891 667543168
227923420 311010199
205212060 931031479
411253089 702986760
170747152 292691673
44272371 89821942
310917086 720402438
16628809 263073840
101570023 327622441
110354797 257573339
293443950 707088859
140800236 440457584
13409551 500866411
40916943 563117808
840628381 860452950
688081389 925964220
606181156 855025752
693518430 887664282
4742543 227163979
115934259 176085742
194115922 218982342
726731120 769758978
456439548 862009605
348914122 579173515
449764791 881009252
110713338 352904340
444851860 716498800
278080838 474115650
94102497 148256221
130827630 359562773
602873615 781539738
344989177 649006495
436774407 591585668
157561749 185292842
560075241 942431534
350487465 371458073
249003944 623589386
695738561 910544070
5088555 198126176
690089591 724933576
6207830 593887664
46974898 609478473
127898015 665625850
86869248 300018771
516177254 695913689
442915543 744702824
344848900 709769574
248536537 854972881
178267249 866294934
360277149 788215262
56383276 105504510
22559205 803560155
73251987 791154629
829659977 966087084
120016573 387726685
452419146 533456992
226910812 761094604
303178667 395612970
140215654 847558756
335777436 444830626
49319456 95362955
112538108 230029185
211862951 863135463
218256611 475965293
224130066 536845311
190514528 510288247
55625233 550710125
780437386 994285015
546325058 738076431
630649861 994621924
195299076 447391612
53914252 920732699
812310539 946719902
645059056 997438239
804549566 887733946
565285967 810827061
140824241 195002816
611480652 738198466
154574820 738548070
300685692 337688559
518790089 967747262
273672475 583935055
598329300 934716931
347315847 692795116
40087771 493950155
162155613 357452010
447418630 577182899
711901269 773191973
283628940 562398324
265350198 296738555
128323328 931791304
235214548 526285917
166574232 321469611
56119926 687716256
259947798 670632047
493327629 954169677
80639421 84019028
18306347 754981688
138065435 300030974
88056183 629296130
283037867 289319956
659427537 675769186
60388186 829885340
344269753 612038175
75275230 339176262
76138313 205099080
90682525 410073803
462679050 652245700
739002118 937902356
331290018 967792086
263863841 580119306
19031549 97964860
633342061 892748566
16565822 97579804
50446663 499873162
198474902 796510284
553989221 707545681
197350200 641699212
50269363 803744202
10835708 275310019
236006904 671808457
86999168 499552816
11030954 41670037
108702791 591870337
35940305 533397228
60982381 900596305
491810726 606078266
432870771 593395770
186405327 916591061
84918683 702548140
373164880 463062498
520067529 615279824
425450686 984765196
155083013 205031853
340872642 461776047
190914263 565481803
674198312 780985957
736434713 910275638
511918479 930929730
321185394 778306350
340710280 596762630
478624217 737338819
219011182 511354635
45822753 84488065
477186034 941686120
28424242 954530064
13967175 547386697
756762903 761231774
794497158 963174263
11447218 265712510
98013458 365319266
224196631 478175834
693396265 914423599
476282389 806093948
100405733 353017824
88701472 777825982
421562851 800128151
69730902 596678820
88895620 178431658
758244228 921361783
215638089 976189635
248442897 796909507
254267171 573372858
149967397 369021499
321596613 941282264
653210172 703406280
73290378 818502896
22710337 68560382
252789132 578299053
115647865 828827240
215674447 718650531
76462987 718936211
213144167 979957904
883439098 886498608
677623576 808027246
506748816 889462110
378155938 448714898
359793518 366571884
559301554 732791161
188985494 300066670
370962266 705894706
747081157 861206015
107912975 804302943
55240400 857412356
401039033 614914781
468594066 570005858
190586144 691409939
271743527 554270099
355058799 971608795
786417201 899413963
271243216 967306603
95443723 239659061
114543412 465585004
218731193 524403706
407647807 742442910
35975784 501514706
378741762 675341662
227201743 875016085
37338785 107347227
130180663 424446767
532284258 874585967
376509713 822605033
67644655 376330603
447743869 846916802
69496440 737972915
526889613 642867442
484837483 598243471
7660317 210584117
19741807 600357248
370713625 427880594
451836018 992032235
406438877 488997720
715333009 983939168
59341332 62643848
556452504 779999330
614015427 931578584
171037773 724965996
50471571 648428327
375077948 786000176
890240422 958807240
494639811 834535667
168370627 342206535
101169964 426536456
168475900 275506996
86974878 695879925
158220348 780668585
51908385 136228679
108499429 668381249
124588005 927317474
79451369 557560392
801557504 917453540
583197299 936211878
105489248 2218
192109433 1174
432461729 1553
834604469 2434
435499689 8154
954667044 3605
98436613 9314
230600919 2308
462415885 8014
827579135 4811
420292011 5809
500228176 198
566625581 9978
164591539 6163
846437735 5437
251435024 9113
217978495 5051
863315158 5461
46838386 3208
192873815 6976
128114237 7781
833622625 7793
358075722 6755
525438892 6272
752068451 4814
412744269 2333
42665182 5818
683430632 3570
305692787 5908
192060786 1826
40374436 5665
891403720 118
296150657 6303
401776744 7991
561419479 7005
135369016 3099
413738060 1103
865170276 8881
893733584 2984
595521374 9423
605328383 6981
284927255 4439
458572199 8809
253169303 8024
290677596 819
652572365 2607
583290660 9495
734165027 2061
48265223 3300
980988507 4520
157775267 9383
527151929 4629
958002975 2376
949616463 3107
296773786 1100
125281007 6844
310320334 6168
580301028 7618
229080783 4024
164817256 4055
285454597 3167
69684611 3048
948552074 1469
956646349 9658
554802746 168
16504921 5516
554202705 7560
803603020 3078
941245416 4692
631557010 5563
626241148 9697
931162370 4814
578600176 8309
141018549 7426
178183470 9041
739200982 9257
24301553 5994
335039645 4048
139166383 3215
33564452 4107
556301390 2630
992409749 7873
69310793 3270
638067273 9654
41731777 8072
890071582 7943
367030182 4630
230724248 7721
831635901 4526
349925941 2922
618068432 2361
471648010 8304
961371024 4779
665774684 2373
764876194 6655
238248793 1054
7318489 6285
536502 5485
930409445 7562
428500974 2917
149318526 495
546788184 9213
528427239 7752
478083732 1620
366459426 2182
719562388 3142
122780991 9277
730197882 1029
517429277 3701
721716152 4918
941906345 5953
855279946 1574
366350782 693
149352473 7372
62114700 9503
671583965 291
90948971 6099
894962862 2631
64704992 3426
855672052 1340
899236903 1935
941482703 9018
897577355 4726
16906585 2348
32648263 2520
532358297 1139
772332894 2482
971909394 4804
883526198 6708
875041334 9814
116607336 916
293083304 2714
588311547 4875
51338168 4213
218353793 4104
383452234 2998
647455181 9112
356734883 8719
448947660 6631
152638256 3216
143787232 7611
922552468 4238
243511306 3897
950080275 6638
799463213 8518
267724646 7408
753385035 8393
510097 1038
580793073 8111
326191483 1838
355987779 3146
770425553 738
757239336 1962
946832126 9883
765398640 5622
49243621 9162
613257030 9834
861302989 5757
107185262 1996
55212755 1713
148567933 5121
266186917 3817
434007138 1478
980150510 1867
123081952 6134
569170417 1940
338975005 632
108304351 855
751042984 8771
986611929 9016
691934496 145
935516926 6502
216657915 1067
210563638 7308
279123634 6542
396076345 1932
180107483 3165
512266089 2278
452277996 5652
598633108 1580
208069476 9594
116047173 4212
687785963 2950
259651780 303
870786682 8943
271851573 7537
706853995 6261
361597969 5501
522789877 847
683991658 8491
801196937 3527
376934215 2188
345247794 1147
776137419 8031
345482022 6774
117771534 2652
408320743 1525
841088352 4627
80366804 1501
210548872 8377
860041840 4327
583927883 862
942183109 8369
492960211 2467
163733645 5666
16114025 3085
170113651 1405
955396857 8562
754733611 370
96560781 700
660943097 9290
609098861 2510
909155460 9836
428441352 3360
90099873 2926
796857730 5528
214795237 7556
441863301 8509
187004881 8655
21041105 5945
194668120 791
672622955 3059
775443936 5585
327056325 1648
840972122 5517
868837632 3571
511038251 9443
219596898 201
479973348 5100
155179891 285
2845702 1806
88933282 3337
526655517 2277
821315693 5872
579419690 7501
166717827 1439
827230995 4858
252964894 6617
492342129 1946
284747446 1641
665010159 8690
45249582 6644
554270679 4670
195956023 7676
584779543 9167
149976164 6637
545546230 3800
608961579 3141
386752575 1883
440138910 7803
715665151 9892
886236075 9838
751638374 5191
39121471 8300
881659915 9063
858229819 4912
164331274 822
830897452 8273
884663192 6654
649601837 153
152215684 8398
361305109 9546
111940249 7926
593068145 9331
988285407 2222
328260910 9946
68097586 3976
128806698 8823
439286189 2570
628452360 6281
920513659 9368
273166835 9159
146749002 900
877285415 7542
335021806 1359
939791152 8226
99869832 963
218998128 1645
481798990 8070
477586780 176
817660926 5454
53489540 1328
730869988 5137
444234708 6313
456498913 3290
558001070 7444
332488465 498
810723773 2391
98530825 8415
794542108 975
45682565 6315
284665909 5398
274770984 8058
52855133 6783
285992039 854
205639707 7216
898125002 2146
10065712 2989
867513190 3208
508551953 2196
576363450 5250
822273629 1684
430129891 3490
449595364 4677
886594171 3550
695563730 2410
605657766 6449
396430866 1437
37599958 8626
241279959 5410
748412970 5412
256152914 362
499319830 2925
443505417 2402
965576499 4233
552110740 1085
263784370 501
850441634 4684
556220247 9382
395238261 7292
233388477 4037
97244518 2420
218379649 3288
8161847 8179
123618160 1309
383689202 1537
220295385 4623
617123894 9443
45980265 2177
579206234 7200
18801450 9843
910219481 1026
648930380 3916
293101558 1559
19872679 7629
697836937 652
20102119 8993
957494932 1870
189649551 1956
737550042 6135
201746796 1961
780066998 2951
3691166 2195
535820177 180
633850489 9725
788615176 4767
97791745 2812
95639985 4035
870283394 8561
855046605 5165
484490494 1059
665839882 4439
850040769 1187
989974604 6193
527156315 265
541954853 8206
615561350 8564
990345194 8156
228725776 6107
689194045 9534
252846659 7264
864792917 8139
946982072 38
938502593 4965
1319189 3628
92235911 332
534635674 9921
473493271 6772
139016738 8073
21661486 2808
757252885 664
364329991 1149
106363172 5183
275103475 3760
608621319 4704
86654324 8586
560172669 7984
122089974 2255
397958324 1049
864800228 3634
24862997 1452
119106095 6665
809834630 667
956779733 9066
325052749 9077
187674336 1935
806167350 8980
711152495 916
299870579 8708
546256527 5454
988995155 4308
48986955 6254
192749871 9300
927213987 4721
696599375 6361
802013706 1343
174003888 7773
985912111 4363
199393638 6810
685280576 5917
107070344 937
895687521 4986
420805689 626
198889366 5898
535041003 7119
121699763 1264
322109973 9536
83750446 2886
513608051 622
180658960 5199
138385920 4057
438743574 7682
4694025 4331
18502752 8502
466324943 2121
279200629 5163
860633634 1459
938480778 424
713269067 3017
413283502 6578
360320753 1069
183565298 8199
42752116 4301
516289990 7164
166831971 2474
553660473 8387
466878465 8898
13035678 8753
590451398 2185
62686735 7797
748569125 9013
682034142 845
855785043 9476
814199416 5767
216218779 6543
956425484 1186
704575818 7155
314583533 6455
314403980 4725
722354550 7402
235932643 4088
356948760 554
133386524 8476
913197207 7065
115589209 4694
549036849 8159
443628608 1709
536682452 2162
409165448 6146
456072859 9360
392759773 7473
845198322 4578
683597903 4604
328267612 3503
110501140 3875
998658794 7162
629592806 5583
694526134 1311
421873683 162
22160518 9439
617157776 7179
835561902 7995
391282164 4419
40350823 3512
784705187 31
826720314 6533
714468990 6627
263443114 733
843780244 2102
538783893 8294
281944806 4911
432501519 4726
652137821 6762
775594477 2661
417626753 5226
102290273 7795
17324064 3106
74916949 8633
524423759 4042
626634027 4411
46510899 9967
724469976 6865
628641376 3913
97770195 9989
24352576 9296
233394619 2619
74058156 9468
94484895 8468
238146075 584
228409742 6238
355891776 8218
117387329 4164
846699685 3674
125180499 7766
557900389 8616
635638703 9856
222624121 815
524245917 1205
198466125 7681
15732765 9425
907244931 6622
709595380 7149
47094384 6894
555852735 7518
464833708 700
170898001 3217
287551553 7128
262952413 2935
238831980 1221
523547680 3576
467607083 7339
981954484 323
568480320 3865
175044327 6574
186507127 8261
171740908 5660
466572080 2377
190042616 5434
338218479 9364
222166146 9235
442300262 4873
380341309 8833
155485901 2945
150155541 5037
593659888 1172
373269611 9969
591263254 6284
70650894 8443
813885346 731
150116999 5825
186852797 467
854910339 514
876876620 4961
556266174 3938
70970591 9287
141246917 13
541891924 577
542368514 8238
933637605 2842
254605806 8789
948046934 5989
500202616 1342
257517382 7714
698093609 7537
212431832 8655
517083009 4120
302808084 2997
423443208 3636
892192993 7010
168916557 7476
698916851 2030
372202382 2636
308657564 7869
695617024 9282
347950726 888
456988487 8421
510707704 4025
669651079 3639
574971855 4688
598984611 4207
798582414 3087
136552590 3352
906666189 565
884209791 2906
152114474 13
354942744 9981
980591273 1008
528664541 2874
140218166 1144
363459078 4229
945605666 3177
169316211 4182
92444546 8494
553849031 3930
728738780 527
837870256 7493
784627259 7787
828793012 4859
12158097 9123
999736521 7946
573717903 8467
112550948 4612
9323204 1002
795294518 916
554260724 1962
318520061 8300
467561945 9463
642217554 8517
421225113 4062
783551986 3071
201937124 8617
138195571 803
326383327 3737
801888683 2464
579065867 8523
401360414 5906
539898690 681
783948439 8749
516156135 6096
151736029 5500
764075460 4416
786546589 4571
100651059 9865
146821747 8973
806708001 503
883423491 9451
579250896 3032
886937312 4708
517933560 742
916102046 5502
614460208 7900
95898924 5979
559077869 8401
770288515 6342
366885580 1082
933812717 7650
15643495 7647
511868491 3389
773351333 3217
375003512 105
921851974 3830
522713976 7511
144634446 362
192726799 1791
465565261 9111
579616446 2786
424697449 5476
216476570 3492
726829927 4504
349805782 7734
878495186 1124
426406934 4075
264242016 7914
486728305 4951
972395340 372
77053673 29
681601623 9114
396159006 6788
717725628 633
611707751 381
372656378 8630
261139961 7929
675153040 4234
1176242 6642
10982100 1498
737509086 2444
850986109 3230
473878307 287
188167973 9149
153446546 4557
69291265 5737
787261053 6571
911676680 8862
209434220 8550
512590322 7077
986301778 2228
910798935 5083
972960208 9669
176950382 3930
933656740 2936
840069225 7752
545536120 9803
329651779 4436
269420037 5551
905913558 240
206163975 8911
888168351 2588
35594510 4342
31631242 544
846634353 7968
885794853 5126
314622704 4463
464525234 5879
655286164 9871
719697869 1897
369635668 7174
786798825 989
322016054 4903
511552232 8983
774933863 9528
44872350 5903
849793268 7020
496567400 1503
251422887 9513
827320917 1870
1686842 4345
640063613 819
968016202 8963
192243249 7117
172750422 8499
355477210 4495
427178108 8926
221511113 9892
936917488 257
789099721 2020
17080603 3109
82033762 7405
773097072 4619
289751267 9809
466158756 4049
933620016 5094
393926533 3043
112022154 1140
50810504 5087
426871216 5215
481374350 9081
280058309 5763
947622049 5800
201500572 6380
87535886 6996
589569868 6327
166560331 318
586314829 3771
637235283 6011
813967764 5472
744899297 7666
411781514 4508
78009617 8653
391011045 2573
528541799 9838
991294329 9076
973938516 4639
130637250 9181
353207413 7952
520106077 7175
879239168 7659
361379687 4599
922275109 5174
193221172 9847
26059459 4921
941571126 3332
642444417 6311
156806629 6493
487880202 2564
801347089 6484
417831462 4813
537992294 2472
533014087 1276
812455556 8868
165434462 708
248042391 5411
168435749 1961
92694709 6531
815021500 673
892739676 8233
790015663 5966
551024012 4591
275209834 9166
587457764 3572
315572124 3332
427874074 190
271056920 3419
911597246 572
823309105 1086
202947830 1020
370030923 9897
540189000 5405
33037915 4575
877708380 2068
661741860 2510
41937128 2801
597617724 3639
51271447 4091
26309306 7074
427665163 5755
36885492 5612
895150806 6725
44330025 9875
151463597 4766
33910599 2673
877531821 5000
263015269 1553
767130781 5247
870442764 762
823925912 1562
195444399 2416
26343821 2761
380406745 4502
248031388 7636
878652594 4133
747681815 5223
946060165 1765
513376093 9699
380505267 7531
295876 5509
134724630 1888
66626453 4093
57050636 6644
485054095 6131
691715207 3435
146601298 5061
672125543 1282
119674735 1942
12646727 2146
401292198 6646
573074268 1489
226087473 4921
796296555 3631
827383538 9143
587936522 2483
884732005 4523
534297451 4863
240594245 5998
404124644 995
137701367 7536
304650328 5166
785555546 9890
959743397 5467
710947910 5495
501186830 978
630432121 3629
287357794 5241
174127401 5053
914759479 2998
247138482 8238
480030632 1090
101839945 8242
76890749 3332
275483384 6590
760217574 4953
270773282 6446
499300077 4917
349731105 9825
275740863 6644
726944680 327
221380080 431
752793845 1315
337829598 9416
773074506 2902
667059423 6815
291329682 7296
742497189 9984
477319568 8264
18683530 8175
643292827 4981
235546421 7095
558789743 8547
209846284 4060
559549601 6349
289686426 3354
972848681 6681
562806561 5842
889170967 3540
913426919 9377
116274583 7950
192617108 3867
26786447 3168
861666516 9490
48251880 462
503583205 4424
543129583 5955
496756856 9792
150622175 4117
871920809 2513
300951770 164
814510108 8659
511193761 1451
913295930 3831
360752175 506
365690215 3490
498324385 4912
70273804 7490
572420788 2053
959276106 1643
922002338 305
225760922 9131
260411362 4794
610314810 4405
955364003 2481
539067827 6083
247009608 3182
393037195 3980
290207685 814
248465143 3789
99584464 6763
113501826 3082
354939629 5630
747280641 9952
58159442 1729
58199819 2040
792460316 971
118436019 76
165753124 6258
167488399 5499
871225206 7519
90855741 1376
399529298 7150
330230453 1107
404863279 780
817244318 2103
278211371 1069
282838466 634
998131608 2498
219016969 6145
169208217 5970
617263038 2825
266355166 6916
61581045 7766
29777259 9225
744863737 8810
594172858 5843
529590780 1155
421663932 746
33381279 5149
906253040 4437
599477608 8197
213630409 7395
106189249 418
304272245 1105
866046503 9374
475467639 4948
485415161 7604
225902712 7316
107430489 8346
339826752 9843
28870425 113
861686498 4381
111047976 9087
118528538 530
571114805 1210
659267914 947
225940068 6286
460459389 7138
153179660 1366
292636138 6560
30286656 7736
597907577 6625
689300567 468
487328645 9024
453362149 6128
68329940 7386
37373004 3049
498659993 5622
698988193 2987
512715317 128
551773817 5493
440966668 6591
341842381 3926
285592145 4824
861439614 786
547123137 4637
27164497 9356
445932488 6470
783793726 7159
645821603 1969
371406038 1235
137077148 6818
351505712 2678
775120861 4529
341748768 4608
846652520 6375
369801959 4408
181675525 6706
314599660 2699
463870499 8321
926193919 4446
789986954 4581
530037830 1380
72417830 4024
78453520 2102
328437665 6672
421415045 8736
780126149 5997
348360574 933
789936748 3152
44359157 2813
167070894 3238
718128357 9363
17579408 1380
382543634 2813
299893279 6773
299288516 955
972881701 7660
753069269 1739
900466091 6177
414561640 6043
787281900 3417
731929509 7956
185727200 4403
484169587 2804
886884023 1657
632020101 8600
607827841 8461
870988074 2786
877021641 2924
215024777 6022
143958984 2269
221873997 6857
656764287 5326
759989364 8449
487341134 2262
391683156 7120
666961889 4738
154098381 192
661909363 424
51910411 278
553425208 5249
739422992 2079
2839373 9117
545640856 6936
