1000 1000
840 989 708 640 543 841 558 850 215 70 974 322 952 764 565 647 250 19 40 516 639 213 593 610 314 109 215 144 192 651 910 401 400 183 746 897 134 16 916 335 441 319 355 493 98 650 292 580 826 685 683 330 480 493 819 725 341 713 547 306 965 547 933 958 127 404 850 429 543 77 907 587 797 617 694 161 549 285 370 44 123 481 66 403 85 288 254 743 175 620 552 377 92 417 235 106 914 352 753 490 189 354 165 10 783 607 686 827 314 274 371 377 548 540 59 274 389 449 208 435 146 52 400 85 593 448 496 803 77 220 147 981 299 665 249 670 895 2 567 132 698 177 829 621 873 229 457 996 768 994 273 111 776 320 709 682 916 727 928 713 140 464 202 567 442 776 794 994 460 740 224 749 583 781 716 919 324 760 67 459 739 631 287 643 562 449 20 384 663 398 796 5 266 649 444 905 251 68 261 198 360 46 153 609 605 419 489 626 433 280 686 841 51 722 172 26 379 778 464 450 427 171 748 250 46 745 262 407 458 845 412 19 726 247 375 653 89 275 574 117 254 121 696 624 863 370 135 519 699 843 406 595 684 276 960 990 39 597 568 314 205 457 18 707 704 400 176 950 483 289 360 342 509 303 442 475 144 502 392 960 871 107 542 765 245 276 30 287 99 433 152 272 70 832 859 648 620 54 541 691 264 884 34 531 809 221 41 931 103 803 595 334 335 760 953 357 437 148 575 134 942 684 804 745 155 813 413 812 845 135 180 642 760 150 90 769 735 994 758 863 964 529 585 623 752 590 812 599 990 113 841 807 459 529 232 720 564 555 257 991 547 43 78 970 460 204 33 454 626 871 322 839 414 652 157 140 931 553 177 349 985 282 723 95 460 382 384 295 981 854 481 338 219 288 954 694 812 782 830 526 770 558 289 340 180 108 28 160 216 102 433 873 876 460 976 297 507 50 93 156 170 967 831 379 630 696 244 340 619 734 104 486 713 14 935 69 44 317 943 571 110 123 345 289 326 229 217 759 551 563 707 693 61 22 594 692 320 481 236 173 27 798 939 260 664 327 196 93 106 824 348 303 89 81 768 210 697 556 289 552 477 61 948 858 395 51 74 359 161 778 757 270 605 354 734 52 958 505 879 621 402 853 97 82 805 977 973 200 135 193 430 709 721 13 612 758 539 885 404 733 247 769 143 822 441 317 845 671 366 590 160 723 209 825 955 23 194 3 141 545 430 673 67 708 296 145 613 709 435 449 596 810 756 804 228 434 271 171 656 282 111 77 609 483 809 711 481 299 845 936 62 590 592 869 811 874 375 513 688 554 913 274 644 53 246 778 569 245 646 883 770 379 391 833 64 598 174 304 561 475 353 212 343 163 919 864 857 412 801 312 679 7 620 482 793 413 468 412 975 182 432 452 758 201 774 299 148 142 674 871 834 499 549 8 411 534 932 304 874 768 998 174 416 695 154 44 796 234 968 986 94 626 130 374 799 208 286 324 505 880 956 138 434 81 665 273 451 184 750 910 32 225 249 858 672 869 692 641 9 813 675 831 643 748 128 972 920 368 256 644 130 472 331 635 837 557 237 624 946 968 588 890 19 221 948 561 50 693 595 387 533 892 636 182 967 903 537 605 745 353 491 164 475 49 63 452 350 892 327 217 53 170 652 10 438 312 300 950 191 329 307 608 213 339 922 983 997 369 728 945 921 449 488 242 223 306 691 134 559 892 702 540 824 324 64 12 822 778 183 88 873 398 277 451 754 819 923 310 300 615 83 58 275 748 754 890 607 53 178 441 521 648 930 97 350 157 469 643 752 739 795 415 647 432 390 619 725 918 391 961 307 630 954 276 92 994 214 534 81 590 674 191 453 852 341 407 27 547 286 386 972 713 398 425 2 432 644 205 842 871 552 76 275 301 627 752 600 757 462 556 686 218 751 138 592 258 228 281 909 891 294 11 859 487 751 868 723 581 693 441 450 39 567 509 167 632 205 115 266 610 880 360 934 156 739 844 898 52 340 739 773 288 313 61 613 504 355 155 458 364 981 269 975 479 657 971 803 682 33 664 201 957 494 450 427 607 971 330 167 391 521 373 262 22 918 427 316 606 607 535 788 857 187 982 116 123 684 470 650 504 904 985 228 3 514 561 932 667 347 893 249 535 335 553 802 950 226 185 679 66 34 875 8 461 352 731 954 482 283 710 969 56 192 102 279 894 412 833 986 788 265 347 31 251 334 352 135 20 535 782 544 150 310 410 166 193 375 98 853 995 
201 8
438 182
200 667
773 793
228 833
115 350
27 746
364 595
869 650
460 69
382 845
247 249
653 769
254 998
749 307
753 460
19 863
809 398
708 7
111 880
329 975
567 936
460 765
153 552
334 698
885 59
275 414
977 217
956 196
607 353
934 482
964 52
892 956
994 163
460 547
558 985
707 272
974 43
425 590
384 891
22 977
903 135
713 840
739 229
40 83
809 672
286 547
641 359
997 505
595 505
425 205
444 711
607 324
748 998
782 407
948 216
559 569
11 266
61 960
686 67
81 989
758 720
830 539
757 788
686 547
593 163
529 556
626 432
939 335
249 475
182 226
261 280
559 890
547 304
392 699
751 7
561 53
430 64
415 111
488 985
748 280
389 157
739 113
612 53
968 909
954 575
753 341
335 587
734 686
620 69
67 193
451 952
491 123
347 642
549 850
769 377
300 170
183 852
269 641
135 274
370 53
250 170
776 339
347 539
44 304
292 187
593 748
135 449
205 275
150 971
106 782
588 923
954 587
275 3
686 116
873 981
273 192
788 919
49 163
822 441
991 692
977 691
871 395
301 481
93 547
707 77
613 493
760 564
743 150
111 250
342 504
824 623
324 192
402 220
735 103
462 441
552 52
277 482
19 143
78 699
644 859
66 954
67 916
656 441
417 693
193 621
733 16
781 54
256 12
77 833
693 650
534 113
50 192
839 594
885 438
918 686
209 201
534 412
674 534
287 236
482 434
757 208
140 228
264 123
70 377
216 384
845 884
275 831
77 319
200 377
97 391
918 873
526 839
868 353
339 469
707 756
375 205
450 727
98 813
277 180
384 53
514 590
335 225
916 649
107 307
876 739
191 619
51 215
205 892
58 280
693 81
693 10
481 745
804 135
148 272
804 145
663 983
106 752
697 140
457 3
652 643
684 824
540 28
68 460
950 92
971 590
449 99
571 543
695 626
464 41
322 20
438 256
457 698
193 303
916 22
67 486
778 180
77 444
51 490
462 115
933 663
247 974
647 558
825 967
121 237
686 44
8 272
770 875
214 352
547 134
334 85
652 78
92 11
85 841
569 665
981 482
152 590
320 558
593 449
155 615
171 174
537 971
617 152
607 890
33 990
961 897
19 607
720 841
575 209
141 797
398 26
237 327
412 648
334 258
242 343
412 770
180 425
64 850
345 66
756 533
752 282
893 667
754 845
565 441
265 201
41 92
272 167
382 976
540 205
441 171
561 441
164 475
624 340
549 92
77 92
454 460
873 53
320 892
610 411
130 324
644 410
797 44
433 939
23 375
871 130
185 610
407 799
477 961
160 880
936 435
977 53
909 958
894 670
275 312
650 90
869 180
434 134
392 547
342 221
905 692
950 594
176 857
249 783
167 537
551 778
228 110
504 357
67 135
51 839
78 470
352 265
475 217
312 967
401 97
702 245
292 152
341 425
691 483
99 52
106 310
562 693
535 347
529 265
261 624
340 180
320 166
788 535
983 472
909 434
187 355
871 287
106 831
452 295
958 299
438 245
458 44
825 448
432 863
981 93
770 630
283 644
617 916
53 56
312 214
600 33
460 88
182 287
746 610
606 50
277 665
751 8
215 490
194 180
106 314
873 839
853 324
432 377
864 427
930 916
892 916
561 434
571 852
976 459
135 974
171 723
643 562
639 864
675 212
648 496
398 189
626 402
150 389
879 279
496 375
382 543
155 483
53 543
176 819
249 395
505 167
827 425
296 952
480 986
415 448
16 691
170 921
795 720
200 427
264 191
53 720
574 723
948 688
557 427
303 67
758 875
754 341
312 600
391 275
873 809
273 360
287 553
544 228
930 830
331 265
5 822
81 459
804 615
547 277
798 921
334 52
402 219
567 768
733 713
504 746
165 739
398 183
10 710
822 451
183 459
822 920
165 898
249 251
646 942
127 90
739 41
954 301
400 275
391 384
581 14
745 519
187 187
707 322
770 913
430 10
797 928
494 892
353 146
13 919
571 686
540 558
883 600
375 379
187 357
89 191
607 401
748 144
537 802
526 605
950 303
826 304
287 27
612 5
709 460
89 590
607 180
880 375
986 282
262 679
434 217
225 157
841 449
335 246
513 514
845 918
12 280
182 265
370 674
590 34
453 529
353 907
869 85
461 563
833 935
778 592
98 121
957 339
663 873
952 580
635 623
597 639
7 400
760 213
580 475
923 130
748 97
904 360
644 279
177 352
450 314
627 675
571 235
287 225
845 355
287 350
558 50
561 264
480 910
410 590
5 277
647 156
565 607
335 170
945 809
454 567
592 104
975 745
590 56
401 479
44 765
871 106
954 225
106 760
460 349
135 535
193 201
19 213
558 770
282 28
613 452
34 551
266 448
583 481
201 943
235 236
330 324
587 568
97 502
63 276
64 187
287 813
972 809
108 976
458 370
831 449
314 412
377 464
288 892
224 770
193 686
330 49
275 641
128 347
97 830
708 624
535 477
331 750
442 458
610 3
341 277
783 768
167 713
644 807
873 833
236 656
345 976
588 52
355 411
33 722
490 543
688 812
684 533
398 306
537 150
727 684
412 330
590 379
134 287
670 884
981 61
160 469
965 223
221 434
798 649
251 606
943 430
413 897
857 317
155 274
475 551
53 778
686 739
130 954
457 482
920 449
85 950
521 400
994 44
95 596
953 269
982 457
656 475
401 340
880 134
174 567
760 453
776 674
68 40
850 620
863 955
905 412
224 675
235 824
76 664
229 592
76 933
691 664
728 850
863 475
451 340
258 258
561 110
449 990
833 534
965 551
19 271
374 928
948 117
509 895
433 334
34 904
684 840
171 44
260 481
840 135
41 858
918 624
858 805
812 788
998 647
831 760
110 180
723 235
545 128
843 279
682 296
486 292
739 434
191 306
317 967
691 956
458 919
863 933
609 981
115 330
127 748
607 82
673 627
985 148
194 34
652 961
299 913
177 135
59 487
642 438
304 64
130 942
620 31
704 32
461 656
407 192
674 23
331 460
27 430
748 173
143 890
192 728
229 360
50 250
757 44
968 488
27 425
303 708
649 698
621 696
141 873
161 98
415 391
410 864
274 549
595 757
53 77
547 22
691 27
954 398
457 685
7 739
160 858
548 77
147 442
449 347
504 410
215 10
377 698
254 161
837 567
449 852
459 161
390 314
620 70
858 89
182 167
92 549
111 571
845 615
407 648
183 505
450 322
441 859
317 61
468 127
106 930
404 62
364 481
553 750
593 740
490 285
83 123
307 481
449 871
441 289
759 801
954 567
593 279
285 605
366 593
70 403
955 144
374 260
768 97
178 972
370 590
225 320
54 213
880 403
739 182
873 464
312 743
652 990
599 590
425 403
389 605
644 754
411 390
205 43
275 845
686 869
692 571
392 567
163 734
400 265
914 14
93 27
451 360
352 40
157 757
647 375
165 504
981 620
66 651
698 776
340 210
371 379
160 400
83 313
751 366
157 631
722 360
67 53
111 221
481 475
619 585
997 630
435 504
10 161
176 752
435 340
824 354
521 509
34 599
170 390
483 796
976 354
894 547
930 352
44 948
334 58
274 754
875 768
850 675
871 460
134 173
215 684
369 8
81 451
697 504
31 170
802 630
144 636
300 391
568 395
135 121
274 778
449 675
540 558
264 488
250 432
123 134
369 279
670 160
51 541
975 212
64 620
432 375
461 228
858 825
208 52
480 27
97 526
841 832
379 34
854 163
799 360
778 128
809 627
968 54
224 352
812 609
733 251
300 646
871 507
205 391
389 535
692 643
90 965
921 971
208 247
909 244
725 360
931 264
7 859
590 953
552 691
173 70
624 509
249 303
275 829
643 733
54 251
607 481
613 852
201 753
412 693
481 89
612 234
77 236
83 354
803 459
127 811
285 411
552 182
948 81
189 975
623 77
567 819
983 863
340 475
850 721
254 936
475 32
219 850
92 134
429 201
324 412
138 801
535 776
991 451
650 23
322 600
74 138
472 441
739 768
442 619
822 433
858 221
910 335
972 368
135 804
759 286
70 552
829 460
702 933
458 643
2 682
487 644
271 288
531 208
145 990
950 519
404 85
559 472
542 371
569 18
674 983
450 155
221 824
822 819
543 830
810 803
493 276
910 650
841 693
567 723
375 727
121 205
187 600
859 598
40 235
97 427
918 610
74 266
513 810
161 229
760 272
286 154
236 414
797 441
215 653
596 300
490 970
708 135
626 798
218 245
482 845
749 10
335 733
407 67
177 892
643 83
155 921
567 417
544 312
368 147
392 976
751 475
460 726
391 123
973 317
554 44
157 691
160 141
111 67
215 8
914 707
180 630
347 19
692 64
617 475
802 360
352 590
347 19
289 685
723 304
249 854
314 562
232 723
491 521
166 51
778 875
973 556
123 176
686 341
276 799
587 276
27 82
398 150
127 398
277 567
782 590
733 644
799 809
258 583
916 529
161 932
956 843
489 249
355 257
313 62
490 280
619 710
460 437
414 218
547 156
138 340
171 568
170 324
368 275
583 540
599 262
432 875
135 852
