1000 1000
501758261 662039613
245305760 998741355
715191460 739584655
3034460 889936173
247924996 427057909
470544596 742965028
4381128 12724633
1903453 647363924
102209910 126575645
783265685 856302988
209368524 248660920
177012584 854667105
367814940 527598319
114537058 255617715
166153151 673036215
546369569 663244542
459652478 841098491
467905964 685971088
98071183 444777406
268420057 936307654
271942990 368447860
80139910 996012042
747051123 814067239
521521411 697353246
124213518 433072414
9707475 715460177
94794733 426643299
204720971 577020335
198817259 853214407
199436414 635443167
1215760 169415924
388696222 573641036
420067498 835879963
170797079 521069535
487104692 750012988
311850406 987729674
391167028 740406049
774016902 940475128
210911401 772470937
356392150 948659634
37332007 558069201
18264549 216031130
917522949 997885854
172707423 759342755
59052587 850485440
724282022 865207373
474931142 615184820
99010845 253252973
877418451 972272317
497476567 519609906
213989577 834553863
461780140 642825818
245854973 650934285
5088177 531249029
229706532 684305755
438353136 626665717
309339223 804120918
84349080 613266107
483906685 540513050
540810664 647047263
47433748 308602315
16432650 800982909
229762423 790705112
91754510 899071092
71550286 512581404
273202884 698402561
19699918 654517156
409670739 504771350
229000780 459555518
140625003 147225504
164419848 918866466
8531127 889506364
809472562 813791096
56496610 366932044
678007468 711195941
403018180 712131427
91294629 444277609
322329005 378892053
737866776 934742364
358109314 522014151
169117691 462580603
426231489 732100607
175525407 253544253
590296429 757927277
140058437 299121737
265554824 784769637
395377371 871228460
17022499 748185806
648717842 670086522
94371117 850636248
496955004 775211913
97031676 102951712
469525519 866789644
270147197 341909376
281784151 496283230
326035521 981972297
756688340 859158878
206847807 692478980
126100748 665516958
239095769 946046463
670187777 757397672
213176521 571241686
8542021 889675935
495134849 636638662
224231603 633696383
307984372 937764578
415705402 925989046
244122452 915397684
162743392 241961473
284735670 816029348
572360795 575302380
500470679 650946015
119174581 435768862
48130385 964027859
251431694 488497590
864289 791118892
677097342 812741803
74787670 416216119
85746721 834387151
99326716 530947778
317533363 475031464
36375592 556772509
252080228 264915640
276650314 609954245
50424387 765245455
59272342 460051128
72429053 469221872
786362294 829480185
582914746 631651788
77681967 455221774
1215618 128005084
184098453 464584227
133043357 723221267
773739592 815373270
26342944 351556849
374609455 466598212
817333348 976390058
755854637 904351515
198995557 505248367
43716344 648392740
158403173 744555346
260647823 594676248
150126282 504018941
30250387 823152192
578715034 795800168
186318499 979259561
621161715 898291923
71648774 236461083
31316441 567394799
329684226 878666104
91048364 939090539
206404133 537060481
160314400 216690685
237187564 940351708
54116084 383222969
282510536 785067797
3686326 273767409
246064977 600263882
176945492 200795062
686768909 785995493
479072458 919041761
53818614 585909909
423714742 463778389
599237809 692660514
205309211 782260057
370601806 496546350
82509116 575183884
435157788 565688095
147137120 207845696
200229600 798031979
394242077 612930109
527841110 936304091
26856071 868743300
96404337 965187077
490015774 776731457
382921140 934116575
360352327 911517223
432274632 963494905
112289025 910298058
272891124 863954470
127514069 328425988
307962816 660072173
46878398 409970283
628666838 982049267
77639975 766317649
2748838 160919960
82614296 463230140
140342174 470213540
68576786 889574922
359311515 440161167
22611166 985991903
513918407 766717719
229555824 453461377
212953297 880641365
546888076 715808457
48911834 767653861
65684655 313190313
246063103 288169666
581386236 835474278
206958055 759436617
22944155 88918881
86338626 263304625
253887181 304745586
276224323 931222916
559638178 876600241
793858291 908088020
158474799 376485493
302867113 981902315
91291772 174584128
136610727 590616665
121447410 733974358
119430630 421513776
133669356 366030564
244992373 715123607
7540331 79160707
69173599 640442625
35284496 241175296
100376374 687091014
84102346 989844156
201706673 695600567
763082012 800041595
22130801 473523888
118722860 285146736
409000305 999110573
197182241 580148824
286980243 473653573
692233406 730739813
843621201 951817085
639951580 821460735
268253672 606434249
262354677 860113191
222311364 665913388
508532320 979005340
33691472 291684643
725072989 796064848
13314176 545975216
403857990 838314695
528180306 967795242
766271458 948036395
231482823 870313211
437293335 527748759
3575420 825785509
881712168 895451876
87859883 192216353
401088379 969807713
226467577 521725131
338227179 559051859
155417235 583841437
299302342 342146313
266500987 485068513
205889189 289648302
45714851 260466733
37054673 230713218
47265352 251704140
299711363 418921897
241951432 342816332
11143937 898055752
364378446 935564225
153832246 565770615
23395109 923106351
70404228 955133406
141005417 244600309
532873288 957276352
407403674 948699845
321283128 544169329
246165985 897391086
156308277 705968388
527470027 577034218
236216475 288806550
315141603 907763358
172220610 204526667
68673698 837652853
115854431 435319048
680125084 681857232
259727240 474775148
613289239 906396523
208936660 577781061
28773586 469740435
347369555 489441623
469752102 610277107
139767011 250420106
836089275 944833918
7695921 212310442
702721013 753577958
638528873 944606273
63410442 498610150
639308607 868094302
153192689 500569288
211777267 513171858
103082973 709877069
154533013 629066009
160244751 950271432
643997424 793264389
726994973 743919386
434489218 950730404
123997515 516554368
735553809 945677483
418135915 858227050
204583073 254281088
58499073 986674542
881328548 899372333
792991363 958295674
157082040 198801785
297957530 806424450
194769054 507604400
28158550 319501231
50134891 881817243
325030783 346706620
246565187 295159787
171344400 287678000
466836539 707638331
237981582 844249819
119379423 839396099
158356516 216519713
244532155 270996163
138092839 610286052
376748534 492341767
756365052 778165237
209153243 744567126
184830886 927016079
638929955 712504564
121456465 290075725
174500159 198226435
222983685 513749047
98326338 121458497
160297705 958017888
405372804 480847075
662860753 715830524
574613988 622075683
257665685 682335290
491613994 745189631
237699090 365679710
207074610 989692345
733520897 924842012
511721200 892077280
85962647 428768536
495746949 828735348
51594708 571057070
360409107 987001599
558388841 946398079
139063728 440645938
792106044 963952275
182342289 543990523
61377338 228692932
47950305 250671707
166283903 210975143
18502435 272429823
272293076 649311089
101562684 481574295
605709689 896695322
97548534 670878387
168474896 383797124
86638393 94237663
718580692 789153949
129273906 391177714
397730273 948475311
23953002 724515473
474105162 746841498
158352652 429544007
109137189 231355200
52905750 655183551
562196095 689109108
390757108 786792859
290150318 885091213
281816182 523546982
202792389 342143647
428944989 582595802
258965689 845930021
133025630 795711990
326574022 693650019
143932820 166849618
588210191 961639872
144885129 779816778
2474981 486578816
895074028 935914855
176026003 849263704
479737476 671943865
435685847 833473573
735727172 809301142
309293587 991400787
12092068 435655724
574084984 645889526
510452083 899452087
133938860 920452284
95775091 527159242
497922407 578725284
4783658 831509003
461675452 524584643
71815857 296206100
396167626 855493394
376140147 549125950
52893731 619103641
194072829 571326682
120694945 672752251
809888506 831440498
464113293 586432082
346193602 898288669
193281622 273616190
19257565 164188402
209015555 617140690
552087353 615859428
674470814 966993494
141087930 397977524
136959696 985364424
64468769 735605358
481818011 488712129
260360903 285367051
153004740 319408655
350760784 872382713
216065646 219807306
747946499 900658437
45796840 775523458
451172179 917630680
539370454 908917721
855046542 862139968
388418862 422717559
175452054 628899782
128124667 946546392
11412429 365166777
445754253 549491065
170791710 325686089
6331729 491118386
372614674 478986592
553203098 843870497
205430882 783412917
218506970 384583541
789363560 833015900
108751307 120403565
205707585 858351625
661035308 994700531
603353242 973508401
625382380 669236446
476043960 561404878
121858007 180453676
202906839 798973928
87373757 299181864
330187208 785515290
94005215 458423153
61710231 408200671
53120790 169873948
262144658 414198028
151876248 261797742
542552628 690346550
365189608 464424672
215614106 478641378
445687959 924225139
693940852 874589921
363547234 813886369
335913533 481939469
385125228 646652524
13754217 148042023
94176235 144886643
18537034 817311776
125261095 875359313
439324812 723565780
51974083 78271133
395903859 743111842
147358374 159701245
443111434 765496630
139133740 644225790
93439749 827018829
301764101 783256702
302642974 767935670
234086876 266780018
546217672 689706740
114117060 738334457
434290754 972806630
760618998 928242678
42795435 111520471
135424048 806782474
444599144 912246832
429281794 792044400
456147621 851490968
40830038 246723540
251701130 652158910
39663287 649267076
61454575 530345623
36934758 51554635
112039789 459075712
228381389 977137382
162150286 439703950
734952037 839394296
263025034 957949220
742380717 908543430
562502738 986826327
394469766 523519598
75614019 927622168
424460909 868671612
110505194 856935990
262691530 963523005
103468571 449027923
199492912 859918587
176771100 950141072
498556332 818383671
90121969 396980148
107408432 266812172
260857648 880619496
173406779 761650141
748328609 953803500
127009474 265571229
521657549 552384431
45728811 635694190
1432592 784837945
480277185 654223540
239771257 254198270
30255877 731539209
86286154 973260402
677446486 681572745
78378403 405084925
742683050 870657742
93258620 194306748
3690517 618636681
164405691 744782022
561840674 729386364
131606399 342722071
394961284 598308016
86221806 968518802
104360936 396886656
60731766 321391122
21193060 867813074
225060328 239818567
508035649 911168443
98007489 137076879
62211435 973691257
360147376 783006494
94327788 474438991
756450292 759900118
350146300 862725189
91547906 249707488
91807834 188158719
347791268 814506053
15220445 48907969
235968523 673613713
15107833 463067637
332305699 479582693
213984429 389735911
911808030 923820351
376055434 828342139
297979388 987233832
348081647 709833577
393832488 545673419
49249644 679859686
514840814 712770563
226616676 471572954
558178814 696765144
339963141 488726399
202395496 223581573
284252585 888634511
218435699 840524031
375475417 395851544
305114143 493852989
254841136 543016902
475078213 497569156
523206562 656232445
159894277 687301717
176748255 631979805
84431052 167595256
34055457 637306713
103965572 870224852
31224554 151329710
78524576 910976868
132809796 299922539
255454996 425367845
89648414 548612934
138440563 277216976
185348399 498834902
525195833 643898631
345676501 961020258
131653990 262491666
69982922 317566867
271154332 567203153
750273013 992260530
125029954 848903825
791850478 845468184
221648212 968807555
14718938 518951162
2460120 487948891
490916587 896461830
392604447 642973126
336770883 931486047
2274592 383443119
919959397 987025136
560979942 938921986
628783759 666619036
10009277 501765129
578895658 980950210
18834375 188123447
153138040 324478013
230039232 338149498
218459154 946707311
894954363 921591880
331757208 448652866
312592929 319269782
154709641 685930772
359447794 708488983
81885582 582358964
275531610 276378357
125645442 668040420
219924144 600641075
501762888 504621257
226842149 284901523
176782922 201916311
88458175 460239198
489037814 823792824
10998652 969868776
1318684 715186033
20814987 133725424
638577742 951478791
462928994 511395245
234797784 430002061
80457723 813449241
91445117 952908821
137396313 213980509
25092555 786263350
255315825 855792903
196908868 478953430
222948869 727463359
874494048 922439568
126707902 430734837
76498408 683197257
118000950 917661312
583140076 625451158
14354342 446602528
557811072 868603674
290555424 997948523
679222145 823164691
102176721 963777501
225237888 816119143
168820901 269084150
10226800 797397961
509351710 812248618
133995391 268521312
391533297 543218771
436526977 908621656
257955386 281083472
104581079 265858159
194280308 579798357
24273354 513210651
110649674 412981442
484561401 885153208
381681433 612147540
280039659 622860525
134404142 210727545
752988240 853989133
140746795 202260761
65932524 996670170
29794562 766904708
538339382 893273566
48364717 261814243
335410650 417879472
23041933 592476869
685925665 930509323
693082497 817956164
791064256 972508059
218646452 653155845
39502657 481305467
326979185 546121424
67224298 989808638
133048203 721807611
17632775 705405023
147798627 921927821
224329557 939576999
7705173 79294534
276964023 764964053
15856329 210365681
193656938 872124707
318834 222324766
234819068 834774301
761859542 908342745
912974521 954523458
2365892 321884096
72679470 690471844
140272218 250193965
92818940 471132658
54261326 208188943
187113423 309083035
50909098 486665537
392131191 557192324
158464780 510721079
480615702 531601306
378088786 607848092
20125874 506332846
247039520 589410189
322798389 660450412
241535688 734748882
233719491 324863688
267601636 919920770
77141004 523456115
181288509 181539669
328139904 678459343
650440921 837945465
492993742 813935993
704739340 878364420
314571415 495834535
105694367 396872463
23342216 505038562
473319048 687570569
823639518 924141035
456358892 988413128
298510396 830894233
65265560 673201703
16605900 723507859
891587860 972148675
68374319 102075688
458316663 932466541
104963996 368146083
229498661 681037361
318294710 455011954
57515847 745322035
13823473 333667682
702978557 839373586
183701980 608366268
583416348 788005859
80192370 99196410
122340496 920493672
234720722 305068734
397034966 848466442
302652057 957818587
132489664 730203166
245925789 750886193
652830346 703038349
191057998 870947672
129664884 377095392
28976380 72598657
388221241 805944807
529828789 531368698
119629106 874830039
223746451 416538706
240693466 443508476
660797325 859051317
289441143 434217580
464972461 949687854
146118494 990829902
649525328 962841806
191558303 917476462
7943428 72803795
50469943 992949466
310978221 552577655
388493259 851466411
118994300 653570056
218936519 224625158
335140924 951065406
21841741 738756700
212728106 583341716
27114047 35994023
55276238 130312193
676401893 855965164
121368256 985241494
398248032 894958981
430009793 541135176
274743148 537766865
256548219 335293708
577447657 954214334
137232929 575828647
398337219 894966460
639158131 881295803
310903707 462435890
90355280 701957753
27986934 878438572
95762535 398064026
426443462 940298197
160349544 548049248
368107693 535913860
117252904 801697769
306632715 521888192
80787137 766419565
71965920 135766751
683441006 926611336
241540701 837348606
439380214 770063973
195373662 321013419
358065114 431276546
795507881 847948375
192702655 762632507
38798116 649873502
63434359 540490461
126780524 833292042
166505078 719038447
510479080 988501474
360515206 625295447
618730002 795868038
215896326 987458204
370215295 508813020
315487232 982752315
447383591 986746590
255980032 304179448
429805357 904822695
652992566 747567843
496514841 643065125
288373643 394080077
88596166 990249107
699546111 886475405
197637014 818538214
105117870 573369227
351393996 514073956
175052463 288787457
844662533 874116892
216811489 860208225
17773071 201255725
513013917 577914646
138205652 630556178
94651520 609284112
103807672 416457095
175468139 235129321
309001339 518090221
24496098 241190347
157944859 912409263
176621603 259162390
685070529 835424459
29684587 31714852
62426406 208567318
240676795 327047803
125841117 894747877
186508304 357587426
185779368 472109792
287503408 897355919
36933678 203256864
70616330 671508232
706729532 711365636
75594765 272434096
178083143 959309045
21286001 815409851
101722331 530658965
127647994 276148354
2929258 142504810
293587816 882101068
458125549 927444517
221149182 585869096
127456370 857513095
170325858 666247267
3566891 899031737
158471077 837339009
824622415 950968335
248120821 624541262
208651717 736927451
189007172 933557700
415056395 767710770
54287671 223435597
48426700 309024607
62112542 259333953
214252800 578540165
393851109 627591311
341908101 999750754
86388705 639380895
23081930 867393893
458997097 832875551
345267667 553543958
603913715 669055769
205372022 749365801
6474163 374195109
49255146 626905012
432918781 500885175
64825610 611334908
709671597 929241380
127930183 682107016
84565805 995495663
189986520 270353234
608602103 845179767
79342947 909346908
263282944 604793567
326169435 347720885
601609667 700575374
375112635 535427979
91425337 491055749
257563157 879014987
699630534 747809335
656509307 752912195
405000786 545056975
471587825 991841753
352008997 808005082
69136301 417667782
90242441 929446506
254408252 318900889
551743440 949802987
451638592 693084430
75940932 406945301
161528037 979052011
304175076 790954665
198903900 676871555
74861272 474576116
649078456 872126943
117354718 502518087
445298256 447430923
463691586 736916969
222319371 575385145
211327602 405869861
942667007 964641399
544371352 619198253
563527341 593829629
318394516 364582249
107400970 224866031
648917302 795060127
710452098 935563729
276605906 418842003
37414853 408539216
107443830 163726100
349630468 358650661
95787651 267531320
539006388 786510365
570070231 921974657
937233931 993515653
579719044 649916254
13641473 137318109
528666132 549573398
437749430 542945552
8873231 27664000
665406869 843691669
465129458 531318040
283446976 754781605
232622416 962371120
443026239 980251878
275970543 524932563
730585410 965961297
395354519 521424778
194419063 911404139
37158572 299049399
633298351 882465375
351464768 951262281
425697707 967051898
12911048 114642585
602118265 849720122
144734734 434014984
76598827 369583253
109742981 796696412
65240471 941020035
682728021 914278696
177694654 498320937
432583368 736677257
234060988 953886147
168645698 325846235
385504344 927533947
205738335 611596029
238424984 687622128
556250122 862202086
251720877 917563801
839049034 892883268
407695863 989585140
306956369 430805782
601815107 866730363
521712701 522300285
482515033 683770566
57130051 962223537
507018989 609145169
57699999 230391411
294162093 683792212
95823325 210394711
68474584 825235509
128787051 907876840
328989103 439400121
420427687 845841138
176655594 853794457
646996189 870296134
3388566 786624414
516965225 820964034
508862559 560735593
391032560 956577689
353671282 604410484
262257898 705438923
464969467 582903670
622083566 829175249
126757322 590503151
797147645 982104242
454044583 799249682
295978916 961324089
723790000 962694695
3995535 115865374
122353224 279650597
8626989 922639016
748001396 995880971
98146666 191194256
204238869 930015227
74621467 511801479
245183330 814303016
617262628 792176840
171422452 734554131
340524939 945627828
215261976 261247754
144332366 842571582
312709105 392232827
337015859 381725543
4715674 561868397
38579165 119359042
160381628 919911618
396005243 717431320
453585385 741960985
213563590 365109963
709499247 754289914
500678958 567075317
754833097 938837738
199165282 517541653
461143029 698959841
373053384 584424078
686041821 893693925
749180707 766087819
358694652 733897614
181190981 524697361
648649519 704338059
305068 468878237
218004806 750308596
232556235 355561802
602258416 6283
803400674 6121
759262245 6927
173093851 4156
395977843 8695
62362081 6720
516699180 2948
97413186 8338
21798455 2809
360731281 1652
688307554 2921
219901104 59
155393422 2424
836862400 6771
430115944 4307
433200089 7852
936238835 7939
385275098 8974
512839834 9526
103745265 328
745596684 3592
516982493 7085
314427408 7795
312793860 3749
824076056 7345
752442316 2668
169870119 9378
497885245 2194
136817883 2022
799208936 8270
97192098 4185
503975093 7961
285143039 2554
245213560 4025
774111027 1028
944388308 775
820255958 8819
195408475 9955
114558294 3045
201684300 8911
406264466 763
249026440 9885
105457429 7633
541499774 215
457380016 3440
103280436 4312
682049746 5494
816597776 7658
935795182 5302
13814352 6329
757683865 9705
204990168 7317
471581281 6454
880674408 8213
171779991 1590
438569084 7657
74918829 4402
656999974 3783
55091969 5278
888355987 8604
580388160 5819
625739713 6995
328315619 9093
783862512 2702
517779036 287
182364910 4380
548766408 4847
491699660 7952
861311389 9309
776219497 63
266361958 3832
864243963 4873
703961294 4075
57466470 6219
641061493 452
958226676 6180
274532538 2086
654130493 3542
500208553 7287
977963521 9543
757206320 1337
581033850 1405
118805737 9874
808277265 2911
231616365 7961
651676587 9362
995226508 4216
304394341 9898
209852488 5285
660442714 3604
622474959 9494
986993140 8624
212530042 6486
990677855 8667
512612650 4119
890935234 9611
750735138 4460
782759164 1994
111336592 2900
949260179 7460
637660701 7807
795597512 5780
393242194 7555
641385587 2528
852397104 1298
689247582 1851
297205022 369
14127443 6202
870295254 7384
454699659 1166
480438032 8168
191677349 3196
89487258 641
835150102 3854
622687344 2210
198923320 8578
845383231 2761
348646529 1855
906318803 4113
827094831 5104
762414840 1583
6246113 1784
539083350 5749
101472700 1705
991803981 9880
734543891 1445
684479845 3025
123392017 2136
764261697 3953
200921450 8172
57956749 6049
386611015 3085
367986948 1206
288598474 2942
874830421 9597
656273710 5538
411774268 6711
114127698 1296
828682237 1430
152100351 2425
82669122 1533
765996152 9225
579684329 9106
841321073 3908
978438374 646
674562854 7660
586977490 8243
195754632 308
577935775 6059
952372131 1859
658196459 4275
754506083 5361
786303151 5593
712766466 6544
722703686 7368
294576129 5815
687952919 5524
405827321 3198
54261980 564
246901119 5212
662644062 4497
556449229 9353
276392996 9245
34878705 6344
293179896 4290
721601034 9488
892847151 8627
149463669 5807
359528475 7064
715913830 2591
28508373 4406
398774246 6441
148284307 8257
891026440 6190
82151634 5721
767365981 2484
986051812 4275
147407319 3717
385782648 4720
8244244 6924
26887469 8601
751120673 8612
91962920 3829
146728887 3113
45687153 7727
297419719 2992
234207298 6377
730871282 2892
509298139 3251
77932697 3895
987826610 8039
730954876 4219
375703292 1511
594763188 4743
698759232 466
510505074 5554
266090258 616
829174931 2347
969513262 2526
530952365 7121
451792831 9705
419634653 8777
954259674 8501
122123692 6795
117212518 3097
135687118 3047
186320745 7522
938099005 9835
121983585 3988
123927575 4882
294308051 3601
706049445 7171
770222646 8589
436026455 2312
567152659 5252
986877225 536
248686291 9839
485345763 4741
218277694 2411
743571778 7690
744361798 6201
783099274 8376
235406350 6066
753743610 4092
97392006 9766
350603507 8929
584233171 1142
473102242 8411
695212555 5084
796430608 1418
935195813 2191
776503243 665
870856403 5267
900159225 8758
66579384 4262
109511987 2318
80045971 3579
203526595 9507
27954097 4600
576082798 3412
391660933 5560
157138975 6641
170955927 2043
498520250 3743
28273141 4758
371048301 4110
584523875 5781
818313963 3086
778874496 4942
99644098 5507
377517775 8677
863312723 72
854749672 893
907787564 5568
798741156 6971
728693284 3075
197731600 4941
18817554 6529
192367923 8009
922942144 4313
561745731 1481
951601000 2537
893654542 472
345373254 3274
138684810 6942
970102371 9848
982378860 9362
802551900 3706
847552183 6095
615937438 9192
341990186 29
473485271 1345
45520569 4305
175367486 4546
84345150 5472
238110011 3875
469800267 9639
45281790 6004
196927235 2625
381760091 33
46990252 384
315401572 5856
239491723 3464
294552577 7601
661873020 802
889381663 5614
416800283 1442
362336041 2056
79519662 6316
280215052 5333
578176385 919
346052272 1463
730566072 8760
882167460 1325
432087788 3617
54144038 1213
507311055 4990
678658725 2730
895602437 8329
770926694 6074
325883867 166
442478555 1075
585184360 9678
402828503 2448
755512110 8935
530153957 9033
951512037 5464
288783027 2903
273365516 6686
766837806 230
688114565 892
669599427 9930
523384903 2626
980713650 7863
11873510 804
260638344 548
413202845 6625
587329761 4717
103956094 3608
851304636 5073
754537858 5467
932086301 2894
750008164 37
63897036 2776
580884265 4995
643016957 5968
634450581 8177
85563536 3791
114482852 2235
916690869 2974
653171421 4790
632341672 6804
285103758 2842
827506553 1037
44851136 7368
441411689 7759
997288276 4450
857677303 4852
867530477 503
978882165 2903
232565353 4650
92700740 8376
551404614 9894
524537320 93
605933049 6382
343783936 1953
86357729 9157
650084376 3457
971475537 992
763479684 2662
579297288 1937
184974891 6865
778069775 6575
992380196 2690
318505589 4734
555762532 131
802966221 8450
185148961 2916
17775114 5614
350228662 4339
389349044 6093
332337280 6234
134226050 2092
667650814 4530
186498180 6817
914175450 55
436518691 2958
818396987 1890
296197436 6184
843069369 9862
22073538 4445
195886883 7223
30588880 9286
496779331 6352
54132851 7542
211844942 2372
165548107 3185
200284815 3375
196072191 4817
934457791 6821
175717702 2845
356525532 6475
83854030 3945
126571513 1445
634648722 814
16691123 4792
481606677 8226
261898870 545
723481668 2086
860224576 7332
817023087 1002
839220937 4120
682807053 8302
994005037 3492
322052042 6565
445909229 4708
109084261 8828
424241053 5676
783976152 5854
854599353 9478
14532953 2548
733158284 4878
60939140 7515
732930946 2182
18479711 7409
289359851 4398
867497839 2157
630842052 1692
668633527 9998
189453561 2268
621088338 6672
247321424 6341
223779926 4310
660139208 5170
899403914 645
234896878 2917
118686249 6453
538287509 8555
595451062 5834
618475657 2546
475642970 6819
81205918 9142
988907772 3988
939242984 9593
212726020 8417
206717079 3337
170296995 1162
335232558 1346
541644499 1514
208054168 5444
215178427 335
712089237 548
258091613 5531
703944874 8767
926277021 299
283820935 7715
388542668 6990
658384036 9850
342086862 919
90002906 9181
241043605 6461
27488115 9841
987460576 6682
742341985 8825
293399469 1290
954343953 6472
149809760 8425
613159714 8695
52520559 3850
288400651 2671
396131418 4835
897855726 1674
701423407 9075
505029270 7308
584671741 5461
894471405 4860
783538675 9971
236371762 2044
754185929 1828
41679473 2331
692728092 8113
557147815 1112
783126995 6781
24018416 3439
380390197 1104
967012094 1591
875054379 7168
639290988 4026
752017836 2623
223765542 8941
481271494 6634
407984122 2482
793913152 2155
755352031 853
55167369 8156
506743647 8105
869797986 6195
510137074 8437
283343423 8728
694277267 5906
95498783 4990
387022585 8646
237700781 4228
122395436 9718
50544351 193
515041480 7844
104299915 5483
432299397 9308
454862237 7778
772081759 5383
238548851 7353
934890584 6049
708049557 5041
884727862 5432
61711855 4979
815088933 9172
968093361 2051
350939146 6262
307121845 7007
199380168 2680
115831989 8123
476940419 2442
636571971 5211
819427234 8050
158517141 8118
658194016 4933
355710268 5495
241314842 2298
460533658 3090
143576081 8693
161739167 5859
989741822 9149
719000441 4307
642130969 5827
898386636 1397
220162713 540
35372594 1180
410969802 1933
2007562 1295
496709860 9743
149191548 5830
828403825 7043
177442824 9210
682483645 7096
574142889 1932
191166086 8639
747107535 5455
104252943 7375
547626817 3030
44123488 5102
304568543 432
210759673 7135
553402357 5842
719668040 3047
281715046 3512
479137062 1492
503479142 7845
517487504 7330
910002605 6216
565844430 4679
464316991 2662
827768317 3096
684731854 7001
153096956 2595
381954459 6874
685112586 3200
385044934 7020
636953683 1836
390400592 8790
87007278 927
29312962 655
360382722 7358
520489714 5455
832766529 9767
91872170 6705
73256192 1139
548583355 6378
606044279 7968
929546400 354
63738118 6359
712871457 8924
488133589 7853
852991786 3432
321476181 8711
51522601 7639
765915483 2576
733741361 1502
158706141 973
111782602 7963
933919138 3469
639352254 5263
740439779 2729
499126373 3313
138577109 5122
827020170 8563
470637960 6853
472819008 9518
6270221 4230
993960776 2555
979482630 955
823988712 9102
16672936 9410
95303151 4271
17001491 7423
977104786 6913
698519800 3392
712964043 2553
543147634 4007
693341326 4960
53935044 6760
692342578 9383
608375103 5121
148452693 1697
543951439 7236
560808101 4723
844934813 3219
558757592 4903
480613676 5484
985117139 3906
614084974 1204
96690043 1792
495932152 3712
681062980 3731
640024884 1923
737275931 6569
966349671 9334
861517052 730
478124674 2508
682963229 3978
750171238 31
172397399 4520
61040065 9188
960325351 3623
519670248 215
748705959 54
558148690 3542
593126839 2345
831173853 7210
25216407 6990
538481946 228
456250641 238
740510060 9285
225897792 7046
619399439 6890
330398202 717
828832253 2246
556205955 9121
580543732 4708
332445130 7311
672030218 6143
331747787 7431
5675711 9079
356432112 8263
459444414 7707
9211833 5729
471682344 8232
143503249 2900
862196548 981
18842990 4239
137701691 9585
344016554 7864
196753535 5184
226137645 6212
585121173 4271
798447210 2317
950105960 6053
197643658 9719
832922587 9484
249228331 3006
307331729 3715
346239752 2191
456304153 9883
571798788 6770
884360869 6413
999629371 6764
847996307 3817
870770309 5230
886303727 3423
704923401 834
625593779 6886
95252821 5797
503729230 1703
145600750 5578
87024328 3894
881957098 7603
424245755 7179
2982893 3612
831675310 513
628162470 7710
715740610 4362
91011310 135
251975356 6376
606111722 6406
138684242 122
136434242 5998
555996058 3018
854470628 730
131892194 5461
80877722 5683
103307151 4570
248738484 3698
471580147 115
276724900 8293
324810593 8040
543043404 1760
80269834 3468
135945235 6786
13651998 6561
128039943 7721
795138083 2695
995618508 7537
25457852 1936
933825188 9083
553527425 4246
141392818 7854
372456284 472
82791499 5100
306496741 2581
326741646 8471
753854943 9268
650057887 7979
92030105 9460
26175590 2681
89945267 3849
163236882 4472
621440127 3586
976521305 5849
517778493 1183
535835830 1738
579773458 3402
796042535 9732
398280031 8964
511081721 8098
238270821 3037
138915713 4438
393617377 2598
185020218 9304
946938111 7815
650881907 493
448821211 5758
789663677 8838
541094338 6485
549789471 1
758652125 1903
909005721 4170
297277987 424
876463204 3408
430097206 1387
738497864 6431
387493092 8563
151059349 8753
570529356 6495
200700343 7365
215418136 6505
92900935 1145
445338556 2454
663729167 303
646787515 800
285643327 5755
853439115 9482
251044366 2512
801661857 7595
81003967 8260
250033127 9771
529239705 2765
17157656 3288
148131360 8154
488299275 2452
551302445 9946
327703711 5894
111851994 9053
763196626 3786
610113287 6616
319414220 6831
428074518 79
672873553 3128
111842359 33
357291908 3397
90066041 1947
655669225 2346
938947998 7750
270853336 4099
96620169 2936
520023015 3378
407066516 5924
982094550 3829
111984712 8996
237578244 494
405256768 1680
679330283 154
796042936 3807
941374716 2319
37318163 1987
817852419 4261
255417644 8484
360374731 3924
85067453 6424
681436507 2309
884035726 9926
223360699 5676
504825927 6517
812295351 5272
236411411 4366
226121544 5727
264138136 2925
735122042 5729
176424890 6691
903369035 6687
488978738 9374
186490560 4172
140688533 6566
554923299 9553
835405091 8243
499428274 4509
367166907 1393
127895796 9152
843038948 9060
580851046 8634
45541344 3080
764822524 2728
785481539 4668
129523426 8522
344104469 1047
256640475 5893
416173880 7320
20343873 2008
435368204 5377
250371282 1206
830250064 2525
892375240 4526
769134032 6519
527097619 6216
883174525 3454
441745033 8939
117357903 2925
428033378 8255
748843643 7299
84777403 3789
67432631 3458
703371535 3700
241733014 4751
763351102 8641
322681562 9993
204827286 848
985153300 842
976416884 344
843772644 3545
430020630 2291
627421860 7461
122692417 4675
573247934 4671
533708154 6538
98505427 9693
99260618 4774
297680979 1271
63468364 864
202144872 5766
185780283 9140
445188891 5779
131528042 8747
421903203 5977
335387546 6436
429088535 1105
763095746 842
24504875 1490
673387914 1835
436366620 1467
443498807 2274
562300641 871
250106507 6722
600971457 1586
227330482 8141
105934011 7309
194971946 7790
64774409 1782
248376497 3243
37768568 3539
790677080 5227
969195469 3942
13040541 3104
951611433 8548
658332283 6986
600438419 3340
159671681 1510
805770205 5087
977359779 4869
456486890 3063
347867593 8029
5377207 6944
406749234 5650
258649755 5675
780721259 8452
852774210 7930
888721144 7448
927255920 1705
918200826 9403
439928164 3069
388343745 2334
300582854 9476
177481812 3939
743037107 5085
596387492 7507
311270055 3580
319123176 328
156095423 9765
706487659 2409
96834129 5195
707868870 6520
17794875 7201
277873878 8318
191914730 4597
169688311 3330
691850150 1213
277384853 9467
29957053 8237
96135484 5630
484100563 5571
179582248 3890
643388641 1311
751915931 3143
574982929 5614
213638081 6919
459896986 9766
152693977 2190
88249505 2897
956612705 9502
319627891 820
255728024 9830
662789126 2311
602545380 4788
489933817 5535
907028931 8095
617310111 7863
940459253 7893
329427081 2292
267335621 3256
26921830 1571
941025625 1544
166450500 8253
196262251 1904
928985477 6760
127563580 6829
377528466 7050
298099608 4278
792320712 2469
910329099 9835
124873716 5034
638158768 1272
14499691 2234
801402273 2236
771016971 7244
999001074 1183
519375107 6932
643135267 4144
761329665 6817
255697605 400
143993955 1978
715584350 8385
360729172 5835
994118337 1994
267976848 793
448170826 7201
640125580 2401
222773747 8933
610301798 2028
278242454 4369
466967281 3570
970884566 892
161190461 9915
268659000 6195
820118170 8200
941169523 6092
721281092 947
281883665 7701
173936461 8150
112353947 6547
52261926 6935
811713956 3813
146272033 7722
488126215 5859
327582585 6554
727867478 8849
248368998 9764
965387281 7877
577708943 7664
287143930 7085
359903446 3356
231849379 7357
178781220 4849
978927043 8241
49280332 1356
731306059 5726
82587041 608
838348112 4858
605064971 8631
894950010 4918
863773350 733
626971903 3618
291604774 329
349189141 9616
61055123 7115
126020399 8252
681709260 7230
667496706 8143
697030321 4366
933535097 3197
378317883 8274
947163094 6465
165169209 318
808169835 886
10933030 2513
370409471 8348
412305920 3920
918774158 3519
28059320 8035
565346892 8709
334031799 7620
707765203 9761
809431031 839
257791669 2263
