99 99
103907272 103907271 103907268 103907266 103907268 103907268 103907269 103907266 103907267 103907271 103907272 103907263 103907272 103907270 103907263 103907267 103907264 103907271 103907262 103907264 103907269 103907265 103907265 103907269 103907263 103907264 103907264 103907272 103907267 103907263 103907265 103907262 103907271 103907262 103907262 103907264 103907264 103907265 103907271 103907262 103907270 103907268 103907270 103907267 103907265 103907263 103907267 103907271 103907269 103907267 103907267 103907269 103907270 103907264 103907270 103907268 103907270 103907264 103907265 103907265 103907262 103907262 103907267 103907267 103907271 103907267 103907271 103907268 103907266 103907265 103907266 103907262 103907272 103907266 103907262 103907267 103907265 103907269 103907265 103907271 103907265 103907266 103907268 103907262 103907266 103907272 103907262 103907268 103907269 103907272 103907270 103907269 103907270 103907263 103907265 103907262 103907272 103907262 103907272
103907267 103907271
103907265 103907271
103907272 103907270
103907270 103907266
103907265 103907267
103907265 103907265
103907270 103907264
103907262 103907267
103907266 103907268
103907262 103907269
103907272 103907272
103907262 103907264
103907267 103907265
103907262 103907267
103907262 103907270
103907264 103907269
103907263 103907271
103907272 103907263
103907262 103907271
103907269 103907267
103907270 103907267
103907268 103907264
103907272 103907264
103907268 103907272
103907265 103907267
103907267 103907266
103907271 103907267
103907264 103907268
103907262 103907262
103907270 103907267
103907262 103907265
103907266 103907267
103907266 103907270
103907263 103907270
103907270 103907267
103907270 103907262
103907271 103907266
103907267 103907265
103907263 103907269
103907267 103907265
103907262 103907271
103907270 103907263
103907271 103907268
103907264 103907266
103907263 103907271
103907267 103907266
103907270 103907269
103907265 103907272
103907262 103907262
103907270 103907263
103907264 103907272
103907268 103907270
103907269 103907263
103907268 103907269
103907263 103907262
103907263 103907262
103907266 103907263
103907272 103907267
103907266 103907268
103907269 103907263
103907268 103907265
103907268 103907262
103907262 103907269
103907269 103907268
103907270 103907270
103907262 103907265
103907271 103907263
103907266 103907271
103907265 103907268
103907264 103907263
103907267 103907268
103907271 103907262
103907270 103907271
103907270 103907272
103907270 103907272
103907265 103907265
103907269 103907268
103907264 103907271
103907263 103907265
103907271 103907271
103907272 103907264
103907271 103907265
103907262 103907272
103907264 103907272
103907265 103907271
103907272 103907262
103907265 103907266
103907270 103907263
103907265 103907263
103907263 103907265
103907265 103907267
103907269 103907268
103907267 103907265
103907267 103907262
103907272 103907265
103907263 103907268
103907262 103907270
103907267 103907264
103907264 103907264
