997 998
186 453
339 654
60 123
221 306
254 287
749 894
104 716
92 997
416 988
462 826
25 183
759 939
580 807
187 319
255 546
384 747
526 871
179 919
196 659
194 384
252 403
456 819
76 789
464 663
636 677
82 221
307 428
69 317
475 674
17 256
254 313
780 798
511 981
606 829
329 395
427 682
381 905
795 988
578 753
194 870
459 703
219 245
49 429
616 993
227 951
118 928
48 104
330 355
21 962
149 690
429 994
837 863
216 638
361 599
409 886
441 878
286 312
4 151
8 516
609 789
435 813
189 633
106 323
237 690
585 754
707 969
606 888
225 625
1 21
507 530
213 898
38 703
96 438
154 293
166 681
458 818
23 216
53 474
494 497
639 994
67 495
472 779
780 885
434 531
135 404
616 922
324 829
349 744
25 226
75 612
599 713
48 626
265 409
42 741
630 893
536 652
191 308
230 693
282 789
248 642
194 274
468 528
593 743
24 468
45 403
369 787
838 950
245 729
467 637
350 843
79 800
162 356
498 794
46 499
227 447
216 832
817 917
175 625
14 293
468 961
313 840
27 553
87 909
752 824
167 425
167 903
57 624
546 782
426 781
20 540
294 587
184 517
188 556
205 230
18 400
399 700
421 676
266 684
164 840
309 916
896 930
45 136
592 680
795 984
462 984
513 653
82 835
304 939
20 398
139 1000
374 710
131 219
221 701
906 944
238 997
705 972
268 561
262 505
43 708
14 917
188 998
124 400
76 805
100 860
366 378
318 419
236 519
172 796
521 699
411 578
117 871
516 776
846 946
10 784
251 277
691 793
369 937
209 987
433 796
330 406
319 924
314 904
134 320
503 578
291 748
232 734
200 588
191 300
302 554
288 588
418 753
89 339
97 731
76 163
467 970
67 157
113 265
472 622
71 503
331 549
49 792
460 808
665 870
432 715
144 634
538 581
268 618
537 880
732 838
517 728
548 954
381 718
322 744
66 506
346 986
430 806
36 299
397 494
629 694
173 877
378 611
65 513
184 767
260 285
29 320
588 892
173 626
664 906
260 681
273 997
514 935
732 889
444 664
492 629
382 581
238 903
202 299
165 389
270 562
354 586
447 987
329 776
82 294
332 838
186 427
616 808
765 911
843 866
317 339
389 995
508 807
110 396
571 695
66 761
49 466
617 875
142 667
721 846
649 722
219 773
388 778
199 985
285 464
299 550
7 593
105 782
23 807
1 692
521 603
332 864
240 325
148 546
335 709
128 367
251 394
128 484
248 535
62 212
179 726
5 333
170 637
19 977
54 313
236 670
66 804
276 477
224 683
374 867
299 450
648 871
382 896
897 902
442 589
246 391
146 947
229 997
489 638
365 469
112 286
751 770
850 853
133 183
105 388
273 522
402 612
173 298
229 677
380 803
581 683
185 644
492 892
124 198
471 898
196 598
805 838
457 811
198 702
343 478
496 953
624 739
350 421
448 546
98 474
537 973
493 954
525 704
632 638
226 539
72 243
192 528
531 614
447 804
652 974
34 738
171 747
894 938
26 332
139 715
99 302
111 569
597 933
68 691
150 908
373 916
148 569
220 490
2 974
13 294
787 859
19 926
328 783
444 957
337 650
440 973
83 148
412 622
351 886
742 991
371 735
250 469
48 977
188 562
340 499
590 935
629 825
519 933
129 406
7 472
104 484
195 735
807 887
27 724
234 467
425 779
183 878
43 468
371 691
56 188
202 416
112 373
712 878
155 201
286 431
73 917
615 919
202 319
200 509
130 339
337 705
770 938
212 656
502 512
506 640
635 929
20 109
130 187
388 800
186 315
47 759
233 926
460 522
248 406
339 709
811 817
153 606
49 967
56 146
955 993
99 734
200 319
258 828
508 647
50 485
156 354
18 671
553 952
139 727
36 903
310 458
208 917
284 590
23 205
354 828
899 980
515 780
481 929
390 873
37 296
229 863
408 465
392 900
826 973
193 933
292 364
8 375
536 877
395 625
602 907
124 997
589 863
204 528
422 796
142 218
500 811
283 600
96 770
551 955
144 739
62 125
340 878
815 851
727 799
309 804
776 959
1 827
9 663
290 790
176 611
461 900
385 988
174 634
207 956
331 631
718 882
983 997
171 266
13 735
574 660
371 513
543 905
153 504
125 205
274 297
517 852
271 842
609 891
493 563
867 908
88 276
681 884
302 885
622 822
328 413
17 801
362 550
600 867
215 376
72 543
816 932
136 797
299 817
221 747
235 589
623 636
157 226
255 371
257 902
621 858
565 854
77 960
740 950
697 842
586 649
672 902
102 212
237 360
623 784
271 316
150 624
832 875
350 544
72 424
122 864
8 754
399 717
318 416
176 547
156 304
569 831
440 788
309 413
460 936
161 507
370 645
370 843
371 626
221 917
258 648
720 993
246 951
48 582
125 954
625 851
204 872
135 506
72 122
252 356
267 851
97 211
32 962
415 974
522 696
732 856
704 727
13 557
3 985
231 917
104 498
200 301
73 809
727 819
270 897
418 967
716 933
497 548
171 313
368 931
52 343
10 186
682 769
493 510
46 789
676 890
260 435
626 853
50 431
20 654
343 779
109 322
376 923
540 716
238 307
148 170
225 987
7 250
241 870
169 229
424 428
440 804
232 942
144 874
155 540
228 745
278 604
327 426
293 791
200 315
7 542
67 137
373 565
742 895
403 582
277 430
311 811
129 815
226 447
197 396
210 518
120 747
668 683
101 500
292 587
116 873
282 505
434 899
322 638
640 972
428 877
145 460
203 624
728 943
15 973
290 661
83 812
744 760
382 387
807 908
393 507
207 454
764 898
546 959
484 630
293 382
886 977
274 629
147 484
315 594
373 820
42 828
20 588
567 844
746 985
233 966
118 976
19 781
107 936
2 702
191 522
107 897
136 954
177 296
714 791
672 843
569 665
148 287
321 393
265 698
370 493
494 693
1 577
162 678
37 327
314 626
949 971
146 260
176 831
387 940
380 489
585 658
508 535
135 483
669 698
638 870
343 587
47 75
93 634
610 958
275 988
429 562
457 784
439 486
317 441
28 265
928 928
140 322
157 484
152 861
405 583
533 729
81 444
11 601
143 515
100 722
239 670
202 235
284 786
7 190
372 875
886 953
37 51
703 964
701 880
432 650
211 863
871 924
657 904
253 269
778 829
121 655
118 593
737 756
274 383
22 40
394 676
6 171
708 930
32 736
876 937
141 276
702 771
141 844
250 870
581 590
115 368
5 737
580 764
535 766
88 348
159 742
94 424
611 641
433 595
316 856
137 622
691 921
592 910
95 873
479 590
266 822
252 386
9 477
421 920
782 836
148 810
267 501
695 708
75 98
247 476
105 538
10 87
448 825
294 301
333 840
714 783
361 372
488 845
535 545
307 938
99 435
160 402
244 283
317 719
516 715
273 861
241 651
651 839
863 939
418 810
542 639
7 696
122 756
517 882
346 509
453 734
416 671
643 890
442 690
296 663
85 211
299 365
242 327
446 889
535 894
333 597
710 919
469 796
48 805
39 707
338 365
530 674
220 679
625 998
107 593
302 732
289 943
560 578
170 322
87 379
57 451
79 128
526 560
310 841
499 919
512 943
395 652
766 967
36 984
176 785
615 703
138 649
642 751
640 780
439 988
566 706
263 670
15 361
520 939
194 841
79 599
390 794
850 853
560 741
409 881
699 818
369 845
707 899
181 973
610 824
147 577
315 442
401 977
212 969
183 894
570 657
139 329
250 573
702 881
484 645
24 890
314 788
315 958
381 555
228 581
672 691
517 757
607 884
45 177
125 395
583 944
297 450
114 298
329 769
228 761
643 858
292 881
121 416
417 582
18 828
63 846
499 552
292 938
102 423
480 976
126 529
36 321
514 715
80 522
695 999
113 726
291 340
168 239
14 464
231 612
78 928
433 580
392 787
185 204
369 595
80 896
625 753
451 1000
204 613
671 730
494 967
279 835
601 837
68 900
112 766
158 202
683 740
121 181
194 443
662 835
753 835
606 909
789 887
775 977
19 985
737 804
181 629
419 929
411 688
932 957
374 494
136 259
81 238
365 733
646 939
424 808
63 958
579 644
68 263
45 946
41 167
865 979
550 874
676 687
146 374
325 687
31 223
218 424
277 514
11 985
306 792
170 873
74 197
154 985
13 121
444 597
631 975
310 858
165 892
320 450
265 608
77 965
9 510
174 617
36 968
322 777
150 733
19 334
393 798
512 732
458 560
339 471
96 114
99 903
177 456
897 997
347 894
219 481
573 973
237 519
47 856
180 203
186 713
330 453
405 610
125 910
150 526
357 451
15 645
66 678
455 719
806 899
235 289
393 799
605 842
237 611
354 367
398 658
30 970
90 509
751 856
410 420
142 930
391 869
509 911
226 891
645 839
307 551
545 889
448 466
257 977
588 849
170 714
85 898
662 804
207 241
558 860
161 363
607 958
436 587
63 726
837 880
326 949
301 962
334 879
260 542
570 795
137 591
714 769
816 921
407 667
757 954
43 975
707 911
807 644
375 292
119 775
182 678
172 857
847 779
813 124
977 951
903 986
958 757
352 823
720 28
946 878
276 596
477 17
837 817
414 544
466 834
132 655
527 363
457 239
837 358
655 441
930 371
77 11
306 885
872 823
927 162
705 735
970 492
820 286
506 502
863 97
584 118
845 594
334 950
494 142
644 98
117 659
155 4
723 965
655 305
702 139
406 730
760 232
409 350
636 980
298 437
190 889
299 591
818 172
637 102
880 238
942 297
389 71
833 533
431 803
411 778
483 787
971 738
965 21
843 511
206 526
687 863
968 956
108 253
360 736
238 342
278 704
469 928
914 453
254 204
345 295
450 969
292 863
935 452
675 156
307 548
959 487
400 83
593 1
691 552
997 674
966 286
250 86
181 455
889 991
427 870
304 964
101 166
385 694
46 824
860 179
561 579
500 832
771 875
932 313
169 927
528 815
597 33
43 145
529 536
496 732
450 703
763 522
625 662
201 603
594 469
833 563
600 154
542 260
714 93
725 84
811 646
785 567
273 278
224 437
736 862
143 870
729 627
490 538
987 836
197 718
662 654
646 199
894 396
817 779
791 924
746 515
79 295
736 702
350 651
488 720
431 414
751 912
490 554
173 321
74 640
906 514
512 704
560 126
224 351
340 702
598 766
989 172
728 90
787 637
222 370
354 994
726 43
361 183
109 720
795 685
528 879
599 906
127 188
401 180
647 902
763 944
855 271
69 671
510 237
556 793
572 551
490 911
355 561
208 517
928 476
892 245
494 492
177 694
442 213
315 675
900 337
750 532
678 460
490 825
658 787
80 390
146 350
594 201
784 937
240 620
789 610
923 493
204 402
512 267
504 273
710 452
491 550
533 948
610 693
700 395
613 404
75 9
860 353
629 228
359 417
785 792
264 435
33 292
37 803
979 389
753 799
387 997
290 807
891 88
91 82
46 634
983 665
270 601
956 782
507 516
460 90
204 873
437 184
470 257
217 5
190 959
399 79
362 126
925 924
643 400
979 619
624 839
814 593
948 710
100 429
844 629
249 279
60 322
957 452
78 866
388 284
402 562
472 775
551 881
160 138
319 765
725 206
514 433
178 987
688 214
832 412
412 121
62 250
450 832
508 405
793 287
126 497
36 183
458 992
211 724
473 333
730 459
142 433
101 470
63 3
407 220
756 982
66 397
543 95
575 411
13 387
225 604
402 595
945 490
170 523
150 916
985 497
169 598
866 766
365 770
129 523
85 604
406 465
255 996
141 360
306 673
120 495
608 103
120 550
765 923
823 629
277 810
726 697
162 343
230 767
644 850
915 63
396 717
563 163
888 46
854 674
247 912
675 632
757 841
602 961
421 155
551 610
377 375
758 749
626 989
659 185
271 635
433 547
311 417
877 770
133 613
435 170
76 357
802 492
241 914
96 244
98 783
23 273
802 220
379 741
349 540
561 952
128 820
776 745
252 785
179 386
549 717
866 459
206 986
616 69
259 219
330 871
340 671
350 947
285 660
24 349
502 692
765 931
94 992
391 628
82 348
115 757
770 612
989 619
601 357
86 213
774 770
580 159
691 358
492 601
449 776
797 198
629 361
39 440
769 61
190 113
144 954
717 897
578 483
187 35
617 232
388 716
642 787
16 454
797 563
743 699
551 513
556 325
881 365
758 36
67 979
11 689
248 980
783 201
311 245
60 628
948 33
426 284
253 418
688 267
326 965
31 331
157 243
811 511
892 196
994 290
363 424
784 218
653 905
673 974
874 497
855 945
190 627
440 493
73 575
290 171
19 922
350 272
328 185
3 421
478 951
92 663
372 288
855 594
289 266
250 482
889 892
625 584
976 323
641 644
585 634
21 967
693 916
161 250
595 845
472 860
664 129
687 94
205 170
224 40
269 236
824 66
437 683
272 701
139 889
995 519
724 256
623 627
711 498
447 374
868 522
972 830
76 13
886 187
218 943
337 200
889 289
653 863
537 307
540 671
422 26
162 556
378 681
270 206
127 116
266 964
880 857
781 849
801 653
578 136
424 913
324 724
2 211
944 920
590 991
300 882
344 95
395 45
254 204
34 871
167 852
569 496
646 421
632 358
131 607
529 888
61 7
216 222
522 479
177 53
699 57
917 375
64 447
830 508
988 707
23 873
397 134
779 21
129 792
92 492
313 763
444 131
678 200
36 918
241 642
510 503
603 659
772 525
314 223
952 35
538 106
279 162
155 623
685 110
115 480
750 155
211 824
344 732
779 687
210 607
2 658
606 968
884 220
821 816
955 388
751 461
878 871
134 311
837 137
435 93
664 887
920 635
63 45
896 124
814 737
291 898
244 261
217 426
465 338
367 867
401 739
309 475
936 277
809 199
368 640
953 103
748 732
825 545
890 29
744 555
360 847
390 732
807 307
965 666
990 578
185 488
920 342
367 785
574 682
447 440
604 362
137 166
591 439
807 171
489 857
816 146
227 431
227 180
450 129
575 122
475 33
380 136
925 670
165 621
215 782
755 992
626 842
687 858
56 557
988 220
575 386
26 987
558 549
78 972
168 999
628 175
310 259
320 837
748 515
579 969
918 348
819 350
866 849
549 691
357 154
318 881
706 980
646 778
776 203
871 238
985 693
960 870
894 71
697 892
284 691
815 531
421 427
719 172
422 593
164 339
162 843
640 148
536 50
740 185
845 155
276 419
753 109
61 183
10 840
611 997
171 493
195 567
158 934
436 374
770 997
204 420
130 970
633 430
673 317
558 375
516 779
500 880
332 868
771 243
590 706
231 142
209 991
86 886
144 836
489 266
702 945
24 729
332 105
588 975
811 182
752 451
845 749
644 331
830 947
119 436
624 711
173 995
970 446
688 432
876 433
387 608
35 782
722 565
865 361
269 267
851 298
95 31
801 893
741 823
224 19
156 340
553 41
296 559
774 87
602 368
760 396
275 202
718 266
863 220
922 113
970 350
681 207
595 872
776 733
911 504
314 54
365 731
879 30
951 76
135 635
729 123
485 922
861 942
974 328
392 794
484 570
981 234
276 269
863 114
795 544
45 574
414 984
960 168
175 382
917 476
189 488
278 228
118 141
367 233
438 61
633 852
744 50
975 697
64 738
458 422
221 795
303 336
416 624
986 1
126 714
952 346
29 693
925 908
986 131
815 869
413 242
485 217
410 321
626 606
35 186
662 184
197 753
437 856
901 413
705 288
614 110
704 813
197 442
495 590
877 496
578 817
659 575
481 999
36 99
134 501
479 849
19 667
270 268
517 671
420 313
97 432
339 783
620 409
437 874
906 189
621 647
591 621
824 387
335 816
20 203
559 601
541 237
319 945
311 313
67 335
439 477
868 835
206 377
694 564
538 177
611 87
16 407
874 21
127 833
219 737
801 234
289 439
901 869
494 659
726 964
295 293
76 5
758 359
320 314
963 420
209 383
180 817
569 306
186 499
987 869
121 135
424 615
446 282
701 566
691 549
237 979
868 784
153 360
220 597
353 673
753 476
39 220
854 650
198 983
253 602
619 575
585 466
89 913
51 508
149 746
36 93
296 628
49 652
35 763
472 922
539 932
648 416
629 413
634 154
444 125
871 700
556 473
736 914
893 482
79 412
68 93
140 822
397 986
348 59
486 249
131 102
626 210
918 199
458 710
300 32
445 906
851 631
565 373
319 220
432 77
44 329
788 456
938 168
374 676
16 45
16 927
583 510
912 169
30 843
966 486
979 85
25 921
976 14
472 521
582 769
415 851
102 155
562 394
253 876
296 151
28 776
715 798
836 179
436 900
703 665
706 918
864 945
83 82
579 399
426 117
819 436
6 544
419 543
870 69
965 583
337 371
448 400
686 42
637 108
675 590
688 325
544 616
625 297
882 17
913 300
144 34
105 203
837 739
18 590
695 165
890 35
409 720
624 796
387 531
67 209
541 745
435 115
207 235
334 234
107 595
659 97
823 535
938 961
44 962
133 519
976 299
1000 25
18 368
704 425
617 612
671 922
996 651
767 293
378 156
824 383
862 806
147 693
580 398
113 326
803 12
516 274
709 921
305 682
119 440
355 987
296 104
643 510
34 823
549 452
600 985
940 202
581 485
263 930
281 172
143 398
467 722
550 864
35 89
369 927
442 498
481 4
236 37
699 223
515 648
806 171
662 419
293 758
472 418
44 972
22 928
159 919
560 424
86 130
194 244
919 33
808 657
179 125
328 318
296 201
34 958
533 349
145 715
682 389
449 472
82 83
219 499
733 937
815 510
849 38
274 409
414 254
147 482
107 505
643 919
273 80
612 403
103 172
346 171
261 744
477 252
115 135
990 921
56 443
350 974
164 397
895 864
778 256
45 814
950 694
913 667
754 180
133 130
645 138
756 652
282 791
847 560
69 864
355 321
481 163
75 810
549 123
918 96
263 581
501 247
948 670
3 993
754 129
137 414
535 169
494 980
357 537
370 820
25 954
525 356
83 519
950 266
160 436
978 88
434 547
750 217
724 925
857 877
752 528
661 722
184 406
