1000 999
893 562
94 924
222 562
751 127
899 128
23 532
567 748
66 430
348 955
335 554
857 246
589 355
324 544
613 230
223 194
996 732
676 700
19 822
141 970
971 442
248 381
273 89
1 189
926 14
226 255
750 496
142 782
686 593
486 514
765 40
159 489
320 738
958 981
722 124
610 670
409 587
463 85
593 743
423 492
853 361
898 575
5 952
309 866
301 711
140 392
74 254
632 850
101 991
739 463
526 557
720 188
606 507
509 250
826 594
910 440
916 564
239 145
728 998
903 118
347 599
746 451
872 852
701 583
193 42
808 423
84 879
492 969
554 181
893 918
94 844
159 662
383 642
963 93
77 357
487 407
778 69
503 830
264 767
930 31
664 669
874 511
499 320
481 594
229 373
530 79
203 536
116 285
110 748
50 479
295 787
2 130
65 790
26 252
843 290
720 538
721 209
848 576
182 122
924 714
172 957
712 3
688 517
655 735
601 274
334 557
205 581
407 985
765 769
822 324
242 667
950 200
266 425
830 533
191 623
852 233
484 941
565 103
750 511
781 966
651 876
24 407
16 548
714 197
422 608
839 630
966 607
157 172
67 798
178 860
602 109
278 724
517 513
493 441
559 512
198 562
464 193
748 595
579 208
547 83
873 438
737 277
203 470
217 903
288 204
708 101
497 565
1000 446
394 762
577 988
320 457
994 297
17 798
418 268
629 671
203 37
458 643
20 678
616 776
666 27
324 814
833 363
854 204
953 446
960 952
917 186
90 111
816 23
448 102
236 675
516 310
979 38
615 361
4 27
524 360
539 681
968 553
226 212
267 71
625 17
920 311
279 343
701 240
736 848
554 89
481 919
527 588
203 731
146 925
728 351
399 251
570 478
157 770
315 754
895 168
716 122
820 751
151 62
454 353
299 331
968 287
21 189
641 533
976 419
125 855
950 296
525 303
8 488
749 655
180 610
250 783
352 383
407 112
11 108
650 15
947 901
635 59
575 539
636 409
4 635
245 662
643 188
253 724
113 915
546 227
607 90
42 570
39 717
94 568
325 889
44 188
581 229
659 820
845 543
514 394
981 263
888 86
941 113
653 615
333 48
497 488
78 15
26 262
278 565
876 643
883 463
727 389
687 783
99 728
531 275
329 432
945 881
289 567
848 579
623 849
648 75
877 483
913 320
33 358
68 282
503 583
817 765
108 975
138 490
727 930
744 938
735 384
727 50
425 94
378 25
217 101
464 980
251 949
568 426
438 643
550 452
220 304
149 835
97 851
401 122
798 30
328 33
686 43
399 217
18 954
886 686
365 565
386 378
972 665
877 902
158 320
646 259
281 809
133 813
218 562
583 223
199 209
893 330
109 744
673 46
9 573
706 377
586 980
821 779
514 417
779 987
875 835
250 761
984 519
541 257
225 702
733 740
779 758
598 422
466 8
775 210
631 916
904 456
8 753
485 904
838 562
262 217
980 300
33 983
396 410
565 790
309 585
994 644
330 561
286 718
305 839
27 831
889 350
751 316
415 658
32 108
464 494
156 523
132 283
447 555
258 284
530 201
809 680
710 572
799 30
867 246
167 871
750 26
635 481
778 887
632 462
430 901
541 170
347 980
858 532
224 801
684 842
750 477
346 912
314 985
501 938
967 472
618 106
657 100
885 926
508 531
489 143
7 424
114 320
501 139
214 550
377 510
468 823
376 990
668 968
206 458
116 81
75 774
537 415
869 596
756 897
459 922
830 329
105 963
880 485
383 525
130 876
764 334
684 347
542 541
237 974
611 999
33 463
442 918
972 523
211 335
338 565
682 275
139 804
49 960
12 974
895 628
281 298
946 304
316 506
856 838
581 943
593 185
629 462
643 573
96 720
513 632
468 677
705 80
79 521
306 500
580 314
132 571
790 833
250 136
824 555
542 6
231 727
698 684
827 193
592 967
760 159
750 983
33 588
149 123
72 238
272 344
361 25
532 278
49 693
925 397
155 119
654 847
223 415
317 737
988 701
615 370
347 643
407 210
795 927
58 824
894 60
864 153
759 802
447 736
829 403
742 347
105 877
796 135
472 70
681 697
186 498
99 634
321 495
641 427
550 755
604 217
874 308
882 800
409 280
973 935
855 568
518 724
608 852
600 778
415 195
962 43
120 834
937 679
209 225
12 63
223 982
412 695
541 304
448 619
974 51
647 735
165 750
45 874
754 672
317 229
71 789
886 569
236 692
832 49
31 460
849 979
433 701
934 210
254 17
575 98
650 490
404 362
354 135
618 298
94 480
233 116
704 748
252 892
543 188
107 30
154 414
340 184
325 539
463 503
396 720
560 477
246 573
256 84
332 810
336 667
834 14
773 716
255 838
788 54
439 639
766 2
555 956
986 636
159 620
878 521
188 526
322 383
84 696
927 780
890 542
127 361
904 825
377 173
172 762
81 566
751 862
591 980
398 148
88 142
240 914
966 356
568 148
47 108
337 633
694 148
239 806
895 78
118 390
676 343
673 768
567 616
597 34
105 954
399 740
819 170
815 330
427 291
162 398
477 531
683 369
780 926
335 207
553 763
532 147
179 458
628 189
328 152
827 129
341 121
836 524
898 803
527 640
933 16
441 369
136 239
638 323
936 657
192 930
922 379
958 649
367 899
238 113
505 866
529 17
225 364
656 335
337 130
769 246
784 639
707 384
724 76
339 902
362 581
406 421
701 568
188 564
805 82
750 989
951 877
590 176
88 552
87 166
689 900
659 545
636 126
518 718
701 655
821 629
430 295
247 862
39 875
657 662
562 822
934 312
109 171
371 79
57 402
405 91
628 617
96 178
997 583
453 780
347 77
131 604
813 73
884 388
826 83
203 281
284 790
428 152
542 568
686 736
815 219
174 432
535 191
436 347
276 918
615 328
578 635
658 865
330 627
820 241
420 439
375 407
16 961
632 198
528 746
907 762
931 423
701 55
45 215
103 64
141 281
452 121
210 116
235 281
396 82
260 89
687 104
181 475
922 213
372 108
605 127
515 332
786 622
987 261
141 163
391 730
987 993
715 444
133 985
209 696
354 771
592 888
732 772
481 906
275 221
840 543
209 469
793 353
734 14
724 695
558 864
660 224
224 798
224 265
722 724
35 624
137 862
676 977
41 851
154 289
147 344
354 837
978 802
827 359
703 115
76 596
912 599
935 918
97 424
948 579
186 311
524 75
396 476
724 710
166 562
51 748
994 721
390 302
94 859
589 790
601 453
304 150
789 563
176 905
955 826
360 502
271 500
186 449
643 777
394 187
802 867
53 218
117 235
162 540
122 452
62 95
780 761
313 503
790 198
393 255
600 318
658 881
670 363
692 933
968 746
730 450
580 669
243 471
554 210
353 97
829 410
328 224
273 691
285 234
789 381
877 243
160 383
244 994
337 719
142 49
614 522
703 111
593 484
458 729
161 323
213 200
232 67
525 372
92 525
108 404
166 996
923 66
774 661
91 374
710 164
416 758
751 612
216 242
437 213
319 863
382 155
827 376
463 643
465 210
125 61
797 668
516 501
543 778
617 940
548 605
35 585
756 301
446 226
645 604
133 715
488 957
366 950
562 311
690 209
271 549
141 439
384 406
678 715
208 48
643 481
999 752
870 555
795 699
94 500
747 227
4 875
841 889
995 974
351 532
601 861
894 879
342 674
725 207
102 52
689 712
334 402
205 981
301 255
985 504
144 364
467 926
677 643
913 33
140 886
955 380
800 44
755 33
926 309
531 430
852 965
327 881
492 503
621 410
530 200
723 49
49 309
615 189
499 551
469 177
902 635
712 488
116 568
13 788
713 604
282 243
532 908
361 709
777 974
175 179
346 431
807 534
381 309
648 202
614 531
487 646
381 774
980 944
200 686
739 812
700 183
507 447
434 198
41 774
832 685
351 966
964 12
299 159
224 493
83 626
580 411
487 984
976 530
910 367
730 408
833 706
584 156
599 227
435 313
15 520
332 42
961 491
304 534
1000 868
463 668
925 12
325 921
583 198
44 445
155 877
10 306
833 321
153 745
929 674
1000 828
656 846
413 143
657 785
844 196
36 855
602 169
482 274
843 959
794 969
967 543
66 539
726 792
992 228
46 714
307 674
512 205
839 650
791 538
438 56
167 90
909 341
599 293
340 464
242 728
190 844
477 203
29 541
896 709
22 143
609 231
268 730
188 654
904 311
153 992
270 736
343 818
455 651
400 752
913 283
750 249
677 928
153 543
474 200
786 309
80 910
663 293
952 652
240 582
550 638
884 335
62 400
771 613
741 713
159 438
213 473
94 674
811 979
849 209
262 574
85 176
919 730
419 891
404 13
876 345
269 524
183 66
935 91
911 919
387 783
501 980
798 930
790 461
34 44
264 583
843 919
635 156
46 932
805 28
721 636
362 539
337 429
33 672
395 207
385 533
857 102
668 999
832 637
354 461
368 129
733 556
583 309
94 349
156 603
294 950
33 736
68 757
74 942
326 316
89 679
726 492
857 292
755 209
970 443
246 367
723 134
255 939
249 288
67 863
