1000
445021777 777877206
169721087 847593575
627096778 136781095
921756063 784712662
723551077 294368409
927134026 331765777
575019065 354072818
927251991 886192023
625214692 868054759
655034139 572983191
842933444 651421151
979484025 546819808
8062365 132590971
968663179 93503436
223750902 221230395
155187706 864446531
654402173 444242998
26067856 5527458
53165342 151420445
397836762 871143199
188427402 760263966
813154192 52208102
467105446 296112019
606350264 21782700
518453121 11901305
649174890 20398328
831173224 151886713
970130649 522723832
499226876 173287205
589205113 285956151
402146878 602546156
149917407 999650931
87311998 329960403
60049338 733181052
246105603 740360832
598748895 54664908
977536570 816387784
639991 714613543
787018504 965437855
19724913 57382671
857927255 481891501
764558522 983440535
480143752 168187279
963448742 857807309
431125965 436926379
500360858 662689867
467058064 693657978
231845821 614561040
671191481 436369449
504296584 809790622
45589325 361428152
909006659 979545781
721271386 525703976
249276641 208348929
252925394 486395446
765010334 187731600
634111176 760946398
674162987 347778951
481853884 282119381
691096732 624125564
875199065 718295996
477621081 230899486
658526878 708940043
511000618 265263275
278627009 931612659
28341326 278206100
344246239 303476330
127009757 578026466
899477743 531807140
471779612 538569574
488692867 439590903
458205520 457210971
515928658 994267402
690588097 725562411
792692938 945739188
216567393 933477768
74698126 466549587
145704349 910201565
522061731 210405071
802254927 88955280
720684939 842803534
492552171 598490806
166743046 840409870
812918766 548629701
645243626 742649311
382845606 530557757
725260038 424510748
246917602 71745321
331235702 880765278
470688095 371052053
770782253 329423135
290918671 476754438
519978253 124239863
449859311 954640550
41460938 82048986
113790310 281815157
51452444 639354696
397860938 644308512
854662049 227850126
351439561 249269200
65812809 412375581
239543569 579870766
941816943 847848480
817430065 441373348
892489649 712211282
533013611 158902831
518968465 46948615
69272557 725337333
755001673 246021516
303827901 412848091
559597832 46003061
942947071 530714262
624536389 229679646
725730781 792680211
345504313 364249367
865181332 856626950
472094277 890268828
464884078 130449103
465204407 578063127
287419043 19809849
330927335 154060591
737420430 676518708
84401346 134897230
530426955 221660825
725032385 216909418
54530589 793343678
328514146 790519012
745825059 958874553
704823094 130137423
617075164 846596305
578775175 829626267
436485445 56722204
975238119 887891701
617915126 580672759
610205510 277318578
382124922 20365859
558874715 300056492
331350246 246623176
720095416 263495670
20442839 431046429
748277969 873131881
561366110 633411205
976547054 591297017
63093222 670101614
835482152 791141670
175547852 151889237
289206740 443424536
461746405 997591717
428195392 325105060
61648717 633583947
995518886 699646367
837164329 624847208
423161242 453973572
402973188 428288195
652877285 810506864
458387466 24303229
858535861 588670306
316982008 997299826
246915779 912366271
245844034 504237684
937975543 379905168
823932355 427608173
682864482 433826762
932766595 930634982
471494448 61779224
899739122 826514042
445432224 845643034
26728250 792066043
68360510 159582830
97823419 657734225
143174061 250651016
922384257 405630860
86131447 629917035
643980391 250955686
340448348 894548900
258525510 88058463
674801451 285158648
382012764 143955623
29391935 294604646
998560522 491302971
914797642 194872442
665108830 219066950
457581466 269716358
956978419 572445734
44589103 805837647
526911559 216630513
934930826 147128095
65534705 886386570
517109451 338737616
665306287 823038751
897802703 263683384
342935067 177693824
193491545 398608275
626594606 700738835
726499335 816699100
725203139 893183631
252796627 193833416
751309399 873243112
774666324 693429033
428591048 772010762
795482496 882494487
65005174 332055843
21115646 645139549
138122979 357635712
582044769 310809067
245595477 621658514
976661622 447943970
4328190 606811134
915867323 818178579
900445775 236359830
511440686 134657800
338131468 240810628
380944941 331142937
621291918 823346117
52139105 502288788
83210364 704558185
461210864 607901674
884663950 985526087
697263028 622154767
628260185 687523827
110151063 178572932
518744224 56623032
610419066 356528172
224775453 103579169
245712117 342793639
257491842 152980174
748526821 230042783
819807585 943959484
855840705 709422238
756539381 400035373
629766429 810043398
266188301 117177618
397880599 166316951
944747784 114712831
650212443 365260919
840917787 728159625
918381676 709038655
42033450 818928910
940463015 704809167
465723969 65427292
160589684 679651574
280703167 102468351
233689057 761716233
802632275 310272804
669103614 710618025
509942010 986477121
786527503 349358099
524578535 846581554
97153861 493887536
904560630 113670971
127875355 170366267
579782590 968187348
32623800 136424336
341621199 83284982
462777301 215305567
112359994 195508435
342317252 877189713
65294508 846403723
351435966 320193199
969458776 958850825
268440517 231973928
807177113 530648066
371731024 532342806
920013702 77021462
635766340 481654626
104958587 799061972
967336887 720917212
768470167 437083596
372124259 511613938
240553231 556690348
775564964 555019135
331043192 816755490
653770135 217101762
604242063 160285585
751449019 979971577
735672759 608468295
436178941 176733968
937345969 303732445
854566584 908496166
571582980 109177604
637708620 821481491
585761823 120312941
305116877 739716108
761983750 692662849
678619803 600904692
67625957 466840249
590562086 312109518
730791425 685717112
734793420 933454864
555285007 676248205
828431884 736542659
139021754 34041370
310666649 321268627
636911687 723326405
827014314 845619868
592332604 498321304
514855740 141088170
906469986 106102277
806181085 47012095
237342598 302037834
800883428 854655451
533145407 610013816
921507221 766719147
829520252 737307458
788008197 943068960
78697062 859570005
971343918 66418417
162863092 798515473
280954190 858489301
627696896 992312897
255879625 775461225
262818374 755817846
974920988 830932241
311309488 764780425
101300731 898379750
469884282 406249661
384919100 16707274
138701780 870876088
94866364 689548864
398986496 330534744
720197836 534142467
826355615 615653455
329460843 355979710
574931188 619601729
990717759 162298436
943927311 633112215
251525833 501469141
452504389 756942844
780184245 643227589
705201773 202204225
486892348 994831899
161096938 434774539
374688289 172504790
699246182 90986598
770824812 654417029
492437069 704514281
526315741 977015835
576757508 858046806
95965153 669343579
861749727 59539652
744960101 660639528
332417643 679850929
261226009 906792969
873931612 587804076
72470980 563537376
267729763 866797692
850198545 51599695
241012158 672932346
640894627 857875241
132225283 524464301
914049948 886993994
822469765 119076133
735052473 746496399
500165954 121011447
506888280 371831592
552143937 924212528
915487847 178957756
97610593 76782148
306001838 118439753
783696043 429016336
133391020 125305879
650719575 989847918
58232252 269709646
34862063 769282835
593662785 435749921
373507688 531863862
486555118 563671570
944434771 639774594
477825394 56310818
137028615 874479222
450832399 203511970
908147207 83231490
914599216 654725550
879444679 44228689
167405978 712115044
338754881 243383034
68639868 977229860
677898256 759338669
436934586 297967423
833360596 980535257
828786693 453588905
744151440 534251998
884947724 471421234
511002954 267454824
358752403 617731564
642002241 80290086
479436542 404208069
185978876 176872149
380645507 538298869
239033580 242627502
495021729 542932739
129397864 804616753
739665151 212126814
889391605 692782513
214790168 314306518
732039933 407978021
335264529 391533377
628538455 584951052
72965438 561423184
736595848 212444314
759618860 867764271
146456819 275451623
611128737 861514839
267643305 744724347
792414842 235217408
105499844 551434875
518505758 803687741
645040921 715812092
811651793 588302059
566102907 43564320
944000492 76057001
511097884 618539776
634080704 779843312
507470072 878432363
941061016 890623450
859103120 388805388
781021190 452051175
29092992 180778902
563327209 783240221
423245363 476901747
414101944 428004028
468498478 113664121
396425352 126028735
150678533 84631801
371736749 628345521
740120995 751006180
442298856 990698512
989833314 203281852
135504007 981364498
915242606 317910
887597567 940787376
90755994 978566003
641322316 96486594
331449413 455855846
134193530 553230631
263491632 494581949
846096652 348124686
379083354 929244307
902592612 998095354
282474718 335456330
870693209 141216859
933808577 455213240
493487910 769282300
315758878 861285716
436448061 657104339
761693020 851043312
414021168 700137599
254180395 788143769
137086631 861770748
889732707 373521924
367930198 776849703
406104782 481494556
827016416 68288699
191269369 455947430
117346285 618274735
130170149 161630411
231305269 514012276
908130934 740757970
345099491 227961498
633294585 936071313
957654712 553058032
242243778 426243943
863415540 809817230
466369726 960987079
9796226 517878654
354575935 66147421
906543701 152058093
169074384 158473076
181370732 391633601
624747749 249016894
959892433 358251531
465441345 853402255
343508202 577154125
243090210 821057792
429899198 834238085
848356143 184441642
565091183 565475790
380736167 799138839
494534872 294092664
760599893 183205833
136986160 474072926
145223811 886468631
793337786 212404107
825691884 36540881
905181746 32485248
739117762 651130023
763978100 924345055
445433819 53036813
954203164 689169068
407325295 727299562
144182482 79417901
255387113 643011346
972803192 706756075
938800734 291865303
190674426 767796288
115753948 45149977
588190246 620433379
492243904 898957534
295126101 551569704
187037641 86552459
40659515 214912790
435884912 173269661
962279887 856369382
83546629 762949066
736680651 691500805
195357622 939325251
934608381 699605688
330883414 45654896
654040961 591363821
541777448 282913856
19049074 292685020
597417071 555417104
513893125 542090505
647811879 947421222
50709609 894157869
436424999 744719468
853755673 462894031
705798009 825361937
831221297 75489608
729475691 409245769
240961790 538158057
237637617 329667400
584334748 92939652
764125995 158312261
542041976 624323616
716225968 745976925
517298961 311770676
605489794 992693239
307760749 505261304
821330319 668564890
962542102 546487706
125690085 902117369
925189142 704104870
362526067 304736206
926625736 952728174
83253332 178873226
833269339 702708287
733047474 949933837
992743708 878120544
33881272 440899914
111349552 879458589
332676786 476070145
882062943 161859444
536018468 552158415
469837930 695100897
318959266 515100583
916021700 918922539
285374014 992486202
234633313 128644640
181805047 362024434
264257384 541405721
922208121 348274043
139715605 917761087
984041335 179744945
267598870 579245556
573895660 986804734
511797993 56341343
695592826 471215321
214110183 99313376
477085954 840831160
698117835 683312638
558716367 368109670
448092817 154357434
639022693 236731140
543524628 59500062
244398904 875138095
921616822 510129380
345996807 732843070
130309636 940739105
169637621 13178176
308844967 575539216
671713393 303016794
127359015 716734306
919881335 961159744
667235602 63917238
71403768 871676923
788620857 492428183
701743086 473487961
521961116 139927120
217497346 804155475
788700194 332730018
986491397 566965113
71054318 80532013
519998519 913056042
894045619 408533878
293576143 776439205
57160777 56861577
362437650 191938088
276316975 574447362
311636334 147721034
123365300 141183454
142539106 373380812
632768488 855371672
574279190 57714919
822994615 533602346
705483799 241943391
345653772 394216687
502286053 756679198
478403561 373898266
170902528 248650985
165428369 828353363
815992922 225268132
87405340 120497895
17246823 842602412
40003450 978655379
548201566 72538958
78190639 912922400
185455145 662727752
942643885 4426474
735759111 566380513
778545465 907662178
82289219 481706847
43123530 984380862
810997208 257883684
383527994 125320676
205181241 802196219
713052369 5473186
258168492 170195786
224776536 420061331
547307818 969376163
249771474 631083259
317272762 236585537
885420036 768477873
932611105 385977383
309946399 912285937
316858282 421441175
437004014 934310319
348820735 832285959
493139588 951523687
290416416 9195400
274427012 844473024
73605956 341965012
847938076 579887801
29461129 426389087
511803624 750640688
654785191 427156334
603861024 439184221
391039719 600866252
12714211 267309355
838322119 250102259
865830939 126552148
620937730 147848181
367525740 481570554
605318344 802716678
365175209 568558868
343041771 3430917
745730047 881367870
240884168 157843187
667832403 498114434
220258524 407075608
908863133 136852023
896284346 824939946
818034870 10634065
367569881 318462898
561786647 640467381
187943432 568881296
979015397 547121960
83969500 240387974
257966991 862111659
910442550 271998122
528037308 675814373
67026193 702335102
2691272 923398688
606823311 348344431
330467795 772121255
325841981 175268201
917138686 771725834
949030452 287283956
213868401 825671439
512829770 360753858
736848152 395723825
732135490 791331195
707158615 633469047
205171963 622174868
884248032 664877099
966991838 549009674
297067663 694697343
296570177 187806133
119097647 626760877
965642578 440151325
47588019 895983721
90196904 540623867
211235112 943110923
181484643 600584948
788611740 963152874
993268807 342661925
723446869 131831283
287385341 841302702
672333979 632873770
899793265 526427408
420217548 150561110
742653837 970265991
101803779 134581562
107999668 88639829
748921172 905658784
310567637 713161700
368519153 948564612
868216807 938573805
510026469 257486259
911134740 673727090
497071801 126520017
417049452 73531383
196330623 190292548
339009195 185035298
17323290 641326036
65720871 718235291
691295135 171129520
617050662 6003312
833074417 914240893
15249810 630803473
478155540 735432690
915342487 935249819
933328024 8645817
540285273 628319474
71060177 819533417
768974330 988156663
172046421 448659539
230350210 986148047
523792030 805845480
267124928 911574239
498650269 445647975
124649829 672283297
949512960 741158394
972169543 883253331
761584827 525871711
989745278 859189790
667110546 125728234
464561661 56734876
653423995 432221659
371891895 964460077
570766400 234432512
702885240 604104256
444102797 249637006
375797879 456017296
579744360 767764309
171819381 848839711
35059660 271657093
653210873 496949576
805302356 825626663
865999206 248100847
728680026 637918854
39369250 728749284
395562533 933244180
472111218 720179115
545503126 99171510
130027726 354730308
790997268 847868490
256094629 171441264
5164385 745575058
113879891 905462486
443165107 464838581
74577082 453064094
229207736 303105459
355969104 317679522
905666982 470324015
673499014 481212320
229275909 458858946
419299724 485914617
749200788 377980695
316245267 692382688
219325969 857172050
595487045 817711239
687006420 799558146
815418091 640629706
428235585 936100835
114882840 63713557
793125552 464628338
706899992 297806877
68526183 325147887
24507006 920685655
548334120 663744700
692923709 219181472
120314989 111964839
518746150 954973578
193775859 757206544
172552994 551195364
441874705 857823144
324602781 647903868
968174455 784321290
590969336 857443823
985871097 951185473
825839379 316112154
2148312 828925925
247432849 648455536
870082049 152262872
268783801 135052882
940758998 254970364
870392459 369156160
756283248 847927423
889589532 560330456
362156352 259629445
324094159 193479206
10810336 364906273
863768544 564345134
173605045 576154333
178991103 95489418
367195496 104155197
725539088 681475850
315728459 517939670
398705719 67258236
567085836 814916431
581094263 495612632
697760579 594038963
458065481 434365261
205935264 713634113
918263949 252403199
62498636 907265314
449121414 474424542
52909463 16405270
771944222 670131463
613638580 420048362
202376495 499958329
196204901 725103729
356125916 733424854
776590065 284260070
991218963 730384528
116032274 977596573
567045066 707886624
266737406 213398125
696568414 900752829
648173541 860652279
326625885 336010773
927216606 896956627
307790081 295696362
233630072 733269869
143759922 805262191
707810356 665945942
616322478 126351010
581637960 632614800
39171646 228798876
180903687 505692314
104409494 953140589
781384337 20738758
183827676 505580628
704839753 942309561
737196587 234544095
989505110 18005301
55035269 886200324
555286578 950374349
494540446 408668948
382515779 729060981
491234792 69685110
540190872 959099026
170622262 715242379
910766723 107224326
434558205 524998763
447006391 926130005
681605927 879725154
974222286 676808990
659641269 411045904
801443162 923660860
133504899 159360165
338564802 779342497
838517144 339804808
269495168 866220676
244059762 133666654
763263315 928259336
921847694 925727738
834263151 697003153
356000946 806883439
500446904 817259773
899525898 933638251
13196602 953071931
797601625 431153777
356893471 253743521
930868565 58613312
415818018 926777439
518016716 465817565
329925334 514339107
473205028 68860645
734737222 404215084
750738001 54446698
490712778 612034423
757396026 374977856
720509585 228471994
782946076 558695388
608891074 539869541
589616479 880306762
925899363 124001701
898277267 932247799
793150140 528721749
4699799 132760882
530667000 387850605
4464258 359304977
70343759 894096714
721738664 29444379
189868689 447491560
542860763 941283063
232639796 362300202
601799259 498872943
241273092 753510899
517065373 185710515
846067803 315218937
548593521 550483461
815570014 659315266
481644114 720321123
446461203 196636215
508872831 253515872
882075471 18816849
343488323 800171384
611422595 632807829
51680687 875455509
300445386 653051675
754917483 261507903
357193671 308067234
937669702 301389389
516055944 554297703
732532814 241648049
581648275 980862245
208634941 561819023
972163925 966968323
423392142 519132337
426256203 107282502
337360005 237473834
56352925 9065861
577260076 218236561
554072633 139854028
531058630 328123512
293034598 763668752
362380922 372945077
8537226 820300731
177512416 497692135
839335817 290789943
810678353 422908812
448750221 862843462
925710510 334282102
680635380 783443381
636442217 713932801
269769746 721935442
343636000 754524883
686716501 368606740
973896555 89098843
159697298 159871350
507738375 694118228
546669228 415084689
51262245 37027387
411526020 408707682
905003377 95404093
693400961 399211956
639373092 340704122
174830262 401687589
169799533 891358524
781179221 719030464
639012921 352747568
374101661 658055606
171298199 924701410
550467627 544883167
167276193 380877219
304087992 833294120
582222324 606433757
360250519 16111361
110330584 995955223
760440906 931476807
304674808 915408307
402475335 235589370
372654944 650464803
66253735 724519743
783091914 397352277
318251392 69018523
457143454 565597018
412645756 528450544
616927373 847238783
685427269 449963911
408457710 237932061
469693422 357473225
782029724 314290489
476606922 268822801
503753971 680746508
214330223 401336661
578734893 658735545
575158104 390326809
805834263 762749407
447733464 388005041
700421456 392154431
179215710 1530674
401540728 285254508
884887809 771151584
805155552 668292688
979558889 734802234
149282464 988197456
640553959 604727628
466569307 953584610
869593591 369590236
162314258 776518230
603249310 909051571
235546473 671462295
963082256 976975510
241258832 75004649
859446451 629118161
509445636 578713244
201768470 127341664
740711681 873386773
512236002 330129442
654116540 766266892
51838634 640966160
856580973 187949487
630923735 49700486
707043694 795996234
80162975 461942725
873001204 111514192
