114
46
-943051111 -353975452 -135190314 -98481555 85926659 -777180598 829949133 400962386 -889457185 -975529668 984159508 -182376825 65950022 -880962872 -171207824 445735365 -81457324 -959718488 753123280 813346887 342228531 -151767006 -955022620 -213880855 628115030 694813340 563641371 948720576 395339358 -887806711 888085930 -445446039 -407141543 -810922864 -800901850 744624428 -48793883 208155271 -539894240 -620908651 -691980535 -534610958 -122810257 129297619 543336866 -496894026
41
122959132 759499059 -131954037 -42746807 742381343 436365980 -328408584 340552 -926464604 -98505271 -36365509 -59240656 792149833 -121227156 -779945839 929553739 713566814 -960025770 -657540169 22238870 281609668 750255980 -916172169 -256394293 -566678545 -919116459 -465847548 -150006021 -347292686 -649453799 -611069521 -395557660 918955656 585965538 -246700165 -974493130 -148583746 777622646 -985432752 838620043 423974750
40
110012469 287480309 707181898 387647338 -144674954 156723689 -433499605 -774640661 -947648824 962080492 -237567797 521064795 -406426223 -679807896 427576123 547100773 802449126 -96424021 -950204440 59376780 -206655953 233944936 -825215200 -187829911 945555186 -745487475 117804953 639322112 46506827 258420365 282154507 322172759 743596048 -630999668 -563266936 103563350 838627190 -551402748 -160105668 -856473051
42
217707071 119943619 597265903 -167601080 544553208 -214399510 -198125449 -894162552 821994440 48709470 -249713291 624263849 298036349 95029995 -708437110 807620071 677867425 -54248187 -565206703 -688632328 590358324 660805745 734057251 -435333593 -508913950 -94861898 -763673910 579086509 -414747718 -824315389 832717430 -957781657 -100206976 695331691 -49979576 -539023222 -277157264 512648175 765111429 -950648166 -303983860 -176040995
48
312958482 977774807 214976733 -549281747 504912934 671643765 773669249 -966117029 399106019 -789285816 -179948824 817880837 238236885 136174362 847702746 -755364948 -140360435 -956891470 -229844734 893189040 604112541 384749004 -879974582 -312715315 -147690261 553789817 275682660 -121885408 89387608 -269797910 64830170 -892914469 477664389 125804801 165251576 -310264574 -832890996 -863642484 530596992 -456165945 -362066077 473962937 -292854901 549245157 -706730773 -52235765 160990579 138886300
47
0 0 0 0 553693019 813596614 -569843700 17355783 -726221064 -34477791 -51712750 -539756 848685781 277995188 -288136047 469785078 844703401 -945729381 904125228 74568182 145173329 -758758830 637603597 366200695 -452861912 -959109599 259300565 647712494 -562803455 195228228 821758317 321608602 -710722633 355282359 -614465993 91395201 -497028993 -555107485 -196032768 145968425 -349345513 470177721 619082000 959034843 733536870 53885809 -859214291
43
-794012885 132800073 352759328 471522361 976972131 470554329 274305298 472273162 -93217337 995333768 493947195 695217290 903679946 -256875167 181804542 902658331 -617673411 -452389049 953850974 -241746342 -522489287 621225596 -459284337 931112035 -366663783 294646354 -403646365 -530316940 611560502 804395867 -374832594 82725112 721397590 -908375260 -674393405 118045193 -282369656 591551972 -473083799 434151152 475825406 -678096767 -116379972
46
0 0 0 15381233 642451995 -82140046 921342310 249698537 471333446 -202449775 290500192 -779973612 -348018971 -154248302 -769079992 -171377888 -17157655 -61823013 894618096 -893645657 606668786 955153487 728016998 -944051528 832489937 -733159915 -283480775 -953566735 180891069 -189601965 980414628 -517105627 27947667 669916693 759388097 620386732 247183305 -24986197 -53102017 773296311 399812357 -942043029 -108519257 -552890230 789259357 -965323663
40
-519755038 807301005 842108086 -343624368 562489111 58268653 -245241081 -395491326 260813949 583095575 -655707363 -438387442 480758518 -592419491 -966922227 390659038 45817087 854601093 -855271219 939743242 -973613968 -713805652 -618337205 -799905982 297891395 -405787005 -182534144 916220695 75394300 -391289852 -993592852 -983099042 -628747700 79914164 -632474526 -922574791 -505001743 -652006385 763680986 -254481309
44
444445835 -741649980 -66795530 813589192 189153175 113241493 568739878 -315814446 -851239384 567841560 -290576094 885430841 6110050 473456834 -423272238 -668614866 -6693331 -883395324 637570890 -748824991 399460008 719687183 317551979 60766326 666454958 849291342 5779948 -698075798 -532898628 673205531 -205117257 -23790724 850010237 -659007977 -152228528 -356326615 -758092992 21581672 -104956793 -490947815 -477965026 -199886648 134148304 728761695
38
0 0 959423414 -304758997 -326849605 681392625 24100991 922768991 78013201 -28561254 464149506 497741842 587462825 -423927978 499492079 418717653 603927536 126943835 -112512716 311945848 645138884 -12672131 639563188 148576901 246728194 -728153985 401268889 -783802035 657457142 474987208 339869487 -705931899 -734603349 -823237899 -295416591 784612755 10514201 144056342
50
-684860515 -129631563 -423837626 -373402582 463357774 632813148 169581064 -482680711 -360591186 320335503 533684074 -861239331 942052169 468499311 893430301 895261479 26721124 979479097 385353214 -583534217 -856694886 468903077 722160363 -866079663 679305554 -40248062 -722391576 -856362855 -984307530 -459804365 -450731075 -586118296 774521562 219132720 -742015644 -971408858 -864625626 988882369 -370219410 373476708 -894515829 -568672500 274723655 -30217377 -523109692 973786229 -213542459 -546397078 -282357491 148785182
40
0 638161960 -61101345 795175375 -198948570 -182467790 974090784 556572719 -357781278 902906633 62245441 770295997 -499550907 164884340 -301047993 650918708 422685648 -964215243 218945772 -882787688 947368816 25527430 -244312200 300443684 -849067274 -442491260 944679215 849029284 961023582 655825081 956744644 -694131953 233905981 -878810065 560866720 199948908 -800967529 -430598446 -74489729 -269579797
43
0 67338099 -46481788 845575038 -122151636 332349763 -204456518 419242614 496826228 -656401159 -38077052 -481506926 -32110509 412236013 149501799 88959133 704811627 407780665 -535045622 -821194401 -819682719 -125632179 274326967 95282990 -59260631 894929602 -528428663 597737243 907998037 327922823 -460663764 219757600 -688719416 -568733516 -877116871 -52007247 -70865315 967419288 -445919732 -556238177 -15978942 -337784 392614939
38
554277103 -380208598 880561448 -216929224 261881773 980932619 -120114613 304707250 -722084821 875442842 205735955 -685050095 -532851789 -552282123 -266838270 -445484794 -224101778 667819067 -392718054 -89302123 567982598 -469950851 944333497 788294697 -643690220 -576579426 -197394125 -224085691 816943442 -599284122 512305415 354218418 581387522 -664341133 -523000821 655148468 -188898942 238184517
45
64373940 284431923 452178445 -305543047 536470989 439261836 340751450 -253588451 -83236713 -111825490 -543712483 819281421 -892175418 145754007 136277713 828847208 498789867 389571785 277273374 188336858 704306894 -762084401 -152550122 -782332642 423671705 -538039552 -757818791 957647722 127375186 46931380 112067028 -224691633 489401118 -189201248 437065 288510790 767110330 -936791308 -244593955 836717856 424252426 -760313214 -357167234 -539479668 -207688609
43
0 0 672069192 -368140295 110807429 888923980 964395717 541985556 339568329 -580690084 393249060 940297166 -165059790 172754420 -20143432 -36568369 380700752 -984921336 549373631 -891471971 -606393352 -747347505 802987340 244259901 536718859 273499865 -873038394 773537877 -602127646 -366196851 39178591 142819126 871166850 -668124652 315639916 810848392 -590615928 574962711 -919568770 512898430 -617774142 -675902734 -672967829
45
-824958608 -629710884 542082008 -303885535 -105464329 -321131706 407355254 -588206569 133201558 -782971690 606583789 -735970759 -378721353 -14850393 34093565 -362095291 -302344475 978024678 56780622 518475456 -729826301 -975087641 971934104 935588937 -323606254 488470773 724585532 891172384 -434192031 544258910 548160460 -935440916 -235873511 -716879989 -527740736 120209372 -88973637 107546383 359795701 -714625908 -724789631 335750364 144033006 255753601 -105551419
42
0 0 0 0 889807771 -828480963 331712866 -261115819 25370093 670088646 -268357336 812056664 991747093 -197342884 226937263 -379096478 194995592 408521997 -474243739 -314486412 -318873348 -209933668 536510295 -539843667 -727608157 -260679526 734223796 838039609 654492203 102382677 -603621609 -933607034 237518036 672086298 -650582196 481244024 183033900 -587578763 274545149 63847582 -729752408 -873450351
44
112991054 -90563301 640737070 838733397 792941143 -50523015 367983419 986227137 -801958332 143532477 856621476 -893119426 252170 -307000258 -730476188 582544233 -589376896 623446956 759278612 383601713 196186304 -449791589 533135881 -658902706 -992699616 13359448 -273443024 654182973 -999503008 -513405249 -786741565 591245274 -786164165 -128796619 -12958155 896358331 506487099 -513685464 -465520317 212964671 -273552195 -111489517 747679813 -101965454
41
-503705475 -230478601 936708496 414860142 175035628 -147659572 863597242 -236643640 -709074502 -203459510 -454731547 695593496 80688311 824705963 -620037192 177571695 872714743 -814787920 -313428056 645374706 -915397601 510466251 -118523688 214253030 -578918427 246327468 568450342 -333518498 -474207777 499310849 -644086635 855432314 67808695 943353808 -200957009 344325233 97874344 -496229574 -500705332 -5371704 739757884
46
603829507 112900166 -933148494 973285786 -549830717 -835812240 905764523 556472087 -868497984 -126295635 746613372 775373026 451445902 -480730158 180152647 396511512 73890800 405149639 491852141 211723634 200518924 460272565 -72238428 -874104283 -143474860 741337478 -380668197 -812225681 203203900 48934663 124907121 -782784775 -909922646 -60015026 249497955 976234292 -470077056 385785703 -117324451 -70673641 207331424 -63200288 -612633646 879543456 -149716935 -969237083
38
878087949 726714559 862673326 143886885 -662813952 -922061264 948248965 583964539 475835376 929029340 709199740 -215925669 817367734 -184749461 -315788947 706665066 553327000 -661396677 -909873155 461475382 -598830744 466139735 -524310017 490935980 -29015647 -573124956 -653612478 936771163 582927578 -44938713 -306727850 -970212615 -530417186 323640892 -969068119 406567829 -472938045 368686058
39
588655711 205748043 -596909241 -272108932 859910346 606301560 181556466 794255397 -622229658 200546529 72606650 -791967311 -425308100 -298018281 936359460 478502586 475734278 -960885436 -198950511 482490143 -82632128 -623155546 253014284 307362888 80793085 529655118 227986826 598073904 -842346749 973640240 797478208 341682209 279070783 -922315061 231431944 -656570895 -274236703 590382276 572462586
50
509512009 -431720486 479635503 -5960903 379421890 427099079 737933527 -346139538 -499206699 -817241018 -106576341 -290305089 -58266864 -162345176 -919478732 -732247110 -339505318 -53831042 -734016222 -618218763 -418935749 298367947 -801143670 947330424 714763660 301294671 819287278 879029712 -444970788 -622621913 -196440980 -778537903 -139948644 242892192 -861017988 -151403079 740624123 -945325344 -839472395 158888957 637698677 604176881 779310968 -858043501 254845660 284571358 291616614 113968626 -33648429 -471501974
43
689724989 853140353 834013468 531918346 -628359986 383333545 818623570 894423641 337172623 -985797549 381180992 -345654177 186122814 814875327 -677710873 953775982 974349641 -155474346 -383058306 -945867628 589046802 607444160 704038699 17874737 -373296790 -157866134 -743252301 -607758100 -794219183 -204595752 -331395041 -983175962 -925585343 435404232 929031297 -657713340 916947894 -961760508 -183679044 105077879 -984329574 -696379198 3759170
43
0 0 928638855 915348493 229406333 -67956613 718810690 -447541160 870949003 -143740425 205686881 549070362 -348914473 146406273 494735322 141489951 455726409 -468217542 926808633 74389301 274609692 892354914 -189871115 -791762577 -636389596 800140823 -961237299 -63419718 563510449 -137301199 530855321 384717021 -48351067 322586315 858270186 246001242 -365998237 561203736 -629093284 -377644079 271428996 -548925508 230146092
49
-669282831 136960065 446237419 365403465 -867199256 -410845027 -881337217 725354419 -93000119 -933848278 -964595332 70389275 -600290675 -324117535 -31233588 -277544999 -513687828 935606061 881803398 -68295570 145273753 821385801 67393399 -952398245 854915980 611891470 -315582312 780070504 -678412611 -712225942 812074325 -65997996 -117849689 358542386 -704065527 887007640 -194214881 333973610 -806277336 744417689 -596462531 672079732 -608503949 799122647 -425036426 448321111 938092010 421757025 14517084
44
694309658 -394497390 597348371 -872966489 547640137 683163439 -565055255 528952085 685652837 -883553 851458525 629783437 427705034 543757870 -199104334 -565361238 -73289387 -862952353 -116035151 116831681 689176137 -960241762 48287287 328242563 -772362620 -997159304 614023437 -496127596 -175096399 20623013 513959282 793785305 -250482126 -127724088 404219599 -822254950 757038986 568401989 -368855497 703753823 -696298135 728777982 -253764703 506431258
41
0 0 0 518255815 517216422 662333007 -98500791 -302022404 154389222 -270414559 -793698441 -338527536 -5897496 -24259205 838811712 97103464 -346537962 165073214 627781655 -389505099 -286367194 36680647 -605127024 -13821787 408850940 804383831 -847086357 -380217864 625183353 -614409696 266132296 -107908020 -147343381 -16711967 -51093444 387955589 98044079 360669671 -83003672 -493600254 -168305749
48
-472585371 7645254 927310085 -430944374 801683628 -156790143 470361373 -771307474 498784284 -432008613 -768606471 239534041 783396030 186898556 666407471 -851892094 746688397 -658043744 788348436 698919452 -920168221 -404365911 522669960 -595528251 149955352 349584728 861968734 30647728 576405387 -667943369 239706982 -12555569 476524526 252347969 511769127 -729315451 454406719 -476800931 938497634 267740815 802795088 -107770119 905433985 -948044840 165894670 848920983 -50954414 -90406732
40
-583288309 123075132 -713275566 247029771 501429213 935577735 456982755 442603812 -715199043 -309698525 383893944 677025837 233876049 -842580714 -635602617 188427823 -706856674 -886370718 764074623 946585205 619081981 792137983 -694328314 -83507378 -221312136 721472755 799276878 -277083769 8500283 -993349342 -468079497 893801662 -819652681 -366787648 -571457220 621337223 -433988461 363724381 22119219 -731621078
50
10510326 -5915533 -4569039 28182738 -19136888 -5865199 631791037 85093207 -460783262 725708839 723473989 -436831426 -102647795 242626840 -474653908 421852169 147382091 -392534612 -603303551 107706122 -490187772 -61885784 759703292 629659300 496119702 -281399086 915413481 963115145 931724895 -559459456 -694506791 529693535 408648210 -459676513 -48028461 429428308 -951696473 485173147 -799198804 -315344996 -367141975 -984747950 78209635 -982190936 -139969545 -92038523 98375737 273663918 -236889926 459698466
38
0 0 767511334 35329332 -346124685 -267230678 187723533 -17090451 -59764308 -185028181 302407053 485988343 -722814952 739660143 957664554 -173878876 50900049 -537992626 434140010 -844019079 686837207 -183193251 148758412 611260790 -572556566 550860003 724171081 372338157 -987460250 -119777239 679612462 -876369760 -259682907 -57168880 181366159 -720159549 758822702 -503914639
39
-568186647 567288985 -910932995 372894759 -936669287 -60406121 315505831 169904763 -201852683 -735529021 726995596 -931416819 -822066066 49745149 677609640 120571590 -872625614 823070353 685251381 -399483699 442677491 -156566221 86585736 -492095788 -91676142 -113627811 -360770299 121629130 -77660261 -795445666 -627351359 239599924 -377507104 -467487894 314090206 -263198407 311463495 -167918202 -148426070
45
180778540 -99008360 887999677 -547586447 -149236862 435127303 -538628207 -76659314 499509633 758568255 -582983970 973261050 -875075881 -217512756 416938116 501567395 802792639 492828266 -443378677 597224969 660311962 -487261376 523485272 183735627 127926935 -805907936 771410669 366993831 -223905663 960626338 -943527581 302790290 735344742 589372839 173274573 -404375195 819278357 824910586 -862378270 800351824 939786523 495365456 696139694 -612189886 926444625
41
558057962 357296684 856055373 -585842559 546073693 221069013 -452397798 848900660 528111981 898039416 -899201794 355441078 -46677422 -744655334 53850840 279918506 494918815 -994713384 385983799 397093670 825149888 675194664 531491813 -250758921 456669413 -190457804 -922220734 553555823 641749177 -571473366 763397469 947314616 -20290920 285079229 460289538 589844726 310637655 -174971506 -581006425 -976414151 606879615
39
-32341256 409417583 -112369291 -623121423 267100068 549716635 -403806846 -706739587 -16751327 -843902073 -766479666 -330664730 -461663061 491661058 630843565 -921818952 507254034 881032342 722489936 -127275290 686639552 -843196972 10458169 746866529 -78441138 131660644 618202151 627371929 -885090868 991928367 153500999 798337872 -317465912 482731478 349262630 575455289 124457192 747818296 216179115
44
0 0 902113743 282128716 434672252 -759854128 326589264 -370090186 -188994249 -587884324 -31264894 -5004859 310994463 861753592 -805230682 -188149296 -63387387 -67376250 908339643 -191261129 -167420121 961844060 -688360508 -729207758 -141805858 852531569 754973925 -391573774 831811347 758618004 -577081749 257191836 -355471173 -619198213 17177906 214276735 585362109 -463777737 958293477 373713627 358804268 685656613 696376653 461040705
38
546992144 -1521545 828881910 467865567 729539310 -423969105 127814603 -481587111 -313473788 242304813 878774490 630955091 -483974303 -772228194 -627304168 -349642910 -852437535 -517914870 -388829725 -190031983 923064592 -410870952 841021351 -460920309 -292240567 -892706742 -519299866 -24590406 -141731927 -679580859 668457191 753964069 426796791 -652322637 -168364570 320920629 -617986282 480801765
39
868466520 529468627 -643854290 173855654 755053981 837698593 -318657661 -991376887 911995064 -211237420 -546254636 -695075803 -166299730 48678418 911526617 632667049 -859474480 872975663 -927681739 -431595198 398185463 485087699 -209506720 -805220525 -597853898 -18277820 -254990 78749297 -31323581 -5132087 -37870015 -2806482 -3944987 -462628 -88182 212311820 324440630 68817066 -364560911
48
439731925 524921078 406578470 -569982500 -739742524 -52854490 353725407 64502308 171310161 -394957698 795600566 983523978 -923276473 563783441 -400187853 514890515 475553854 -728041068 -864273339 982282278 -676572189 -583940980 -273258336 -23839518 124767210 601390393 -205816737 323315426 83723323 722109472 -256094948 -715191306 531490314 -899230894 -350329185 -1311821 756647425 695169819 126489485 -132652469 522658872 -835178028 89027115 607119812 238408176 -871560916 545049168 -579632558
46
642168602 -711228308 -950565886 -284465651 701827262 -260843082 731148265 865776913 73321424 320517396 -620195994 -421229592 85792134 774629552 -988210641 -4208761 -157594934 -15054387 271346284 -856018486 -151498998 421771848 -869584659 723392622 640785394 -905798922 -154491038 -817199729 836047750 -458501336 21732386 -642641385 91024323 224324053 -190785153 -692131246 728980621 -21931607 -495934858 714341609 -547570168 -467272330 -732087992 -142143588 886109311 -979359759
41
810177752 -131565101 210167809 494201795 507418736 -665798609 154152052 583572449 -441800768 527419636 -425375749 774973329 401732984 589685342 -371341447 -37508619 878668554 69766463 -29698557 149131541 740734238 280590219 -838775502 967789502 -149355929 -807966871 215034703 852066554 -359501442 -343177285 326091873 -533334603 -727153228 876635309 505909704 542423300 -358141656 -836753044 715105301 -431203558 -912068751
41
896527616 -798876705 -80685159 58867782 -43499039 -25993623 898594204 388948430 321183195 -680529886 912188661 511311102 -55358783 -842004568 -670536975 444278480 712133174 177829722 -31490259 588224248 448851092 444961261 959042869 786257023 801155243 -609743507 -710588818 667882551 -525610333 -576287403 -543485379 -663380767 446321499 -723347278 -66664773 -565841591 -811648193 179444085 543077349 -768576059 -668425684
41
984007980 -970467714 196934215 535420016 -736046264 920526534 -929075619 -192174 -369391 -375138 17778758 693453653 -242655200 -6391605 274735895 306440111 615780880 -724123869 899935186 -760702407 519066345 885247317 18944652 -13656805 -224683153 583862499 -703534897 -298435230 -844775350 942462823 -393795252 869771471 706896527 -807797361 -175458711 664797622 -981737323 716959075 -853457282 -748621817 -21175828
44
-961283321 235334142 841302822 -693218229 235676135 412663456 304794310 728923687 -206208998 -230382969 988285792 826332025 265361610 953789451 -161646770 -459652202 336698680 -603842098 986256598 247031050 757091059 812458090 -895804666 974081696 168839867 -609894069 473707114 -685611293 -265464027 408083553 -30120298 665142300 705561113 630766442 413189946 -250025690 -896357512 -613449625 871513571 972275462 -109824685 104315895 -817762368 667417814
47
-980056357 197317541 -376949247 20466273 416828337 432742302 1080324 -512487179 384176090 674259228 -61374213 -721256686 374770862 564215812 -392365424 100205171 290001479 415239527 -211622805 111675863 -111835491 -759625699 147186434 784440476 -372692024 80886605 113480674 -936144824 -144143349 -300324439 -663823054 146193019 -301571211 68749586 -47805326 296451432 -407743227 31404627 732662273 579602954 -156327056 -400500341 521671050 -954609654 546134309 -667272030 -176003297
50
798064551 609266851 198510650 -224235834 921366507 -391469650 -640025772 -828456986 -787722165 -693948542 -852461793 -164855451 827892323 440361084 -914029589 648768225 717781894 546705136 -172815323 -274698834 -596801506 -793585825 -331683731 383196152 15367287 -606251935 542313462 -318167508 144215367 173264822 569418652 130539501 413397960 -621743207 991568614 -951348449 -15474313 703840598 819312404 -351600857 -519443650 -878527129 680853435 -349481562 -302637740 -171577253 443534651 -599350830 657323380 -68243052
39
-632783149 732229573 -273100028 915481878 322230852 207756249 -591208699 31867980 -37172409 856977068 825155550 618371268 369919108 66941958 194893539 -197671718 -981874367 -963562545 288044137 -377831828 272665577 698591809 -82597220 -9311468 113005392 112002363 -997083133 341890540 797164224 611886617 831266319 501275399 -208049903 534787286 909302200 -180763967 -503029965 -554956983 973327171
38
677522010 -834543494 449532986 -437094585 -745840117 -365669215 818927674 -735940681 -666088362 937360016 -958449514 985379107 155239251 -684206533 -468380005 245592859 401349029 685426731 -835711344 -280326330 -763042698 966575592 132227639 888151285 -402466022 -601004765 928201296 -529114956 -771021379 -735974005 828053169 -813302980 532337635 869744786 -319403798 -393142127 -314283058 -759431480
44
-949172411 634732469 477543729 265186322 231117244 -581807031 -190556842 -837629795 22335589 -965505151 -624119646 701753878 836694407 609511002 566702264 -429195240 383831010 -353276173 670681712 -516697096 -279697927 143568747 -504711316 -276248285 -500586114 423157791 119746347 266310534 772994441 -472819560 -412386414 -885151253 952806238 351232569 368900210 455892422 47459508 -755302581 540590528 -171965222 694961532 892732595 653333820 -866438797
47
-689761209 -288143342 747815068 -286121132 -609380724 -839281959 -260969216 -698170562 -123285514 -624344441 -671959348 -864801129 792427105 59794191 114524731 -668245574 -403682918 -474857686 893825530 -823691734 -107293480 -94950294 190280172 771950933 -971520299 634535310 -84792298 871321158 -783108091 -406785659 490371989 -138202264 975088866 -353093490 612172730 668072659 -991175036 768723762 -330262359 -298366427 -512424331 163742007 -706912201 644570435 -281495445 624041952 736313255
46
195520105 224511696 -816578510 980775581 276287169 601621043 -146832204 969415342 -817534305 -694020216 718377996 320310968 922054654 730733145 -698684899 -612310099 404124355 -246864263 868302107 715796823 -489844896 -811760212 -277689339 981141635 -745677633 -245508076 -31573610 847453198 -571663092 -589921898 546717176 867628235 -252297460 318273367 -21881283 -17394532 -244321740 894961971 -154596614 -358863131 -171077239 478319440 205005383 915402444 -789551999 -391271992
41
-690445331 268777628 -954533739 -835536976 215990060 920934177 -225303604 -978882906 -906562202 226817296 -936129881 753466692 -914370187 -338104450 -442659439 -923504006 -122689291 936437907 188027910 867368758 324346290 -117198820 142062223 667820969 597029418 723595585 615030196 480000616 -887195611 -876006398 896824385 -474394284 -881645748 466810382 -156040469 896929571 166628092 981167377 34247047 304463856 914906385
47
933446727 858632004 256041528 -107344710 -31353239 182958042 112187197 427850331 -913094513 -612617213 912253437 662399902 21354879 -442527681 357921426 -139576599 559957272 -739148407 496188547 932177962 385360559 -493214914 184900413 50157743 -180104869 410190008 87952192 -512526878 566744583 310541691 -8809485 -205026799 755277556 -78249225 -162761434 75117271 259510849 -205120254 436846763 309224756 -780032787 -887167785 -447715867 -952904785 -288963917 -747063097 511085690
39
0 0 0 0 58561840 982383908 996131732 -830598017 673156014 425526384 -608178998 -808141428 616161727 455586833 -980042723 -469025592 -402803567 -103512963 443791064 -184937030 803620791 -707810447 351902833 -335799684 75315417 547591567 33699223 157635765 -350236365 -216838143 -387614063 -137686690 742976157 166816779 -11967068 274060610 611794298 -244213454 375503778
49
-355987543 -687739203 -545760575 -763280016 -106050598 -243265183 -447599372 901251896 938797939 -880943528 -911829054 -756283562 -226011979 -758648351 -477317728 256164794 -413458430 711261240 -724546004 -94054229 -703878252 391322124 448537770 -153162658 129572649 -264561358 -209448923 -464484984 -987224572 -876983089 -720344440 -693787975 286036965 -281836613 490959772 846491437 -625813113 -990702407 -965910637 -250566155 512390592 -10395855 531768144 77360643 -993907160 -871814660 330398495 -45858049 708166749
49
0 133970089 806137016 30530926 111040598 -100212053 372474428 -572019696 286758906 -990623959 -68663858 -9309902 859998079 578444380 864975940 405555687 325332721 803579376 365226353 -141131320 -867343362 352900980 237222639 -403428178 629434964 -999634495 -226076853 86395584 -635424315 -884463905 125661437 -267348720 -646839089 -428617786 -96222907 548889763 -376755075 419560517 985737865 513859839 -824366968 968805853 -938981911 610274861 526783212 690240696 768507088 -168386785 -319549174
50
158391948 203377324 120796145 446394590 -180215388 837270098 107412397 357206176 113966603 -482295784 486166155 181674175 528107337 131742145 -855588096 257302815 978994755 412968577 375422602 139901173 991138360 167778790 558612966 431006171 350660062 645605589 165478848 -311954377 -432680267 -975578029 -143378371 404863884 372798291 862783020 -79058375 -515012412 -250784634 682352073 141287499 -574455728 -905847182 873157541 -41684213 -630711325 96322655 -882181918 -540409218 176045318 224316974 288177154
42
-710838683 638015746 -128720344 -692986043 139330784 477542524 851972095 697140354 908917007 285688334 376996773 -58632256 326887688 -957149710 -342078747 -829197014 901250310 627155254 -954549715 614167028 -769691620 634232506 47924537 -132615687 -953272140 630102401 598080284 -639889452 439316827 7494510 -696604190 -262157492 96668499 -797019717 231684005 530723355 32370558 322987608 -503862422 -519331881 -676331069 169221464
43
0 692629462 -263902924 767954358 -216335116 -782560964 563558234 -561037637 -140608101 274539823 -67601217 -27541201 -206353172 664838031 815326970 709166583 257580044 -559790455 41802250 975930274 334225016 -988869039 -801757272 -205766290 998274967 482169887 449534861 -782794373 -281758271 -619742502 -824952344 -484984035 459475263 -380505127 -261304254 608583799 -347544675 -61597459 -21633379 -99161154 255394830 -352672211 -7492772
42
69397774 -68709612 -358809 -63862 -42221 -20825 576320305 -16046983 -213499374 -259956044 -15317735 -38055947 390625878 379371308 -545738555 -220050678 860065157 339131529 -395225255 563886876 692840210 -419291409 386462398 713927151 -39025132 63775484 -426801148 457465909 -835916285 -898385672 753758462 229495293 -859535222 -173886366 -636672148 22710913 -418206275 -6720627 -2877558 -3411961 878035331 -279785062
38
755618227 450965705 -600019352 -351542131 -120634445 32702060 311584354 548014228 -865373905 597727417 642811901 891946055 -153479186 -441386706 68531052 780634399 203827152 993509605 -705375546 -184360694 -76878392 -431232236 882000952 525315805 864175002 -292948298 935040371 -465687864 -493099201 524876705 340990484 635532269 -232787026 -61740869 -822824384 748702082 -91787833 899440992
50
277235248 383611720 -636330355 -879231891 519678597 -100382888 -113750651 495957357 804213080 578304470 -341582766 -323687729 -945956385 -613066361 136442980 -817156103 -348502076 798850811 -430197343 -653266745 281430019 635656985 -954235848 -61047532 -133033175 340393960 -809865245 -379649690 -71378621 886020822 257344953 330857895 -944402125 -639350549 -891901400 -7355613 -314303376 339031254 645911653 -849973068 -91341054 -236292137 427864680 81464859 -304121857 15906045 -720734230 381637998 -971198859 -147369480
41
-570722030 -577991611 920137159 -26355651 221390896 757505745 -238772126 -91277173 808772240 336466153 -735289923 401775918 -803222277 980369931 32001162 -121020349 -597537737 817668621 751574320 -781442431 -866528081 -432099455 86286031 401171375 -226674938 136640263 -932324267 -169021308 900544345 406143660 -726602522 -849118273 -182986422 -557997803 -563920095 84274700 463309446 467719367 -531781316 255747349 951593229
45
449174552 -988182635 589205007 697000892 686289431 -545947664 -830669946 407198848 -296120918 -719245998 -8039804 79131476 -580584785 -7908220 816271409 750055667 959714700 15481141 -367907953 -376640515 -124692473 -267184652 851323685 -116029427 930873447 134243005 486959576 492610829 -588581015 965232614 -84648750 -990425039 67664105 955555208 -828730064 222960308 -136762455 705931396 989310088 457862995 673826596 -481396511 -238188720 -483971965 611558753
48
0 0 0 862515155 -443624024 -373610828 841339888 -395985517 -214632161 338204914 -18516336 -136970604 -145857106 -224042993 261296864 971832566 -411229765 205787995 -825735028 840219670 -198705503 99698077 204969431 -385240715 147606663 -892598689 883145210 -641837139 549697114 -113556097 105116581 -495811940 -249500311 161573939 725093186 239589362 -700973448 740286971 -852722483 -188122328 141220193 -147889520 344102191 -438516274 433349511 293440506 -61164879 740999953
43
667834985 -723110392 3468111 511405235 158148753 -612772687 557734511 691475794 476372085 657084195 558725799 -792547309 498992874 909648103 109064161 -308675870 84426500 -830074392 -52523201 -870114771 -69146734 -512098315 980627177 430105013 -683511283 -760171271 979018007 -542488999 -166043137 -821467867 962928780 -909793757 -545426618 -298562194 -463616688 -180576767 125646662 483464660 958909802 812462948 -508525363 158075479 -50891878
40
-959827010 367075425 -235530693 44034446 -244196023 -575829726 -876858856 161525696 -870410690 642990305 622809648 619917919 798471511 535242790 -884991117 -931893028 325909596 -686740404 -758814552 69161727 -888867924 321612457 -227896380 -554356151 61871333 874456666 -191161089 -365435756 -475823872 493986533 -621754597 41846374 736049603 213939486 929997155 -174983361 896342937 716359109 924868748 632341711
40
-391904282 537127411 470208428 793245022 300086994 660186616 -1230542 -72191 -462232755 333544727 -566457449 679447634 259691241 -742578379 573009435 116824695 -936814645 701347321 608692491 427286316 829321711 246928375 -536143308 34181427 -446047487 -8263416 -503730416 893962532 961808469 -587391263 522654350 -273982025 145598688 -922540486 691738828 -152361274 -506705688 -497323691 -409426212 138765316
49
0 906428702 -486153386 626083600 137513288 61769419 -645531343 415843737 456251488 -570416121 -404106323 -401302021 -90018635 -5521007 -366195 -112977 838284908 -768002901 -22973812 -38145238 620238645 -238465343 -233466804 -122640304 343476545 908271498 -97484842 323270317 100197840 -293417385 511826217 -812072646 204127722 -511241290 -46234610 829321454 362750472 -913924247 -31375703 -78149284 -195729404 492854069 37434043 591195211 -285665672 426042781 -888542255 -750310626 498321577
39
33712539 208723792 97435210 -143924953 -195015670 -71225 -710590 307075923 -211627909 263453135 931003634 -226413422 911888986 -584323905 630014539 725761070 -364299428 -438101928 -240885922 -481802625 -861799288 410277812 998506982 762291979 -439369687 107917759 -779175087 278945769 643236293 -877531496 -682784104 -570063813 -94053704 -26068567 671207402 344352189 -402158186 -277539046 192102359
38
-626536023 500879982 -195586854 384994112 640824131 -318049095 -348665112 718367108 -990681085 877388297 261318329 -212599802 759925329 264363614 -617411213 28482102 549684315 655034462 -644267353 -381384638 198011071 -864557367 112079971 -986768753 -743732154 669800364 -838719679 764833586 -183923698 -873663198 -599926118 -413660126 -514824698 -303571354 61431818 713262152 -678329012 589977729
42
30385280 -18082351 -8850560 -2102998 22322092 -19354431 623245123 744512590 431648045 364522504 -95234053 -635768638 -466010711 -280432533 292021440 -225488397 -435879508 164020898 -291058565 -89895188 -76595913 -12719620 131328379 -54389522 57196843 679134266 304178574 370896110 949258668 -66029014 399376447 -852537174 -957743424 516346333 -5984796 302712281 249580521 204272734 610744269 249568118 -715669050 -566249598
48
68354605 -496748763 -711755831 -292906968 -366618045 612929630 934308321 -84959970 -867548322 -904262977 -623492188 -171483391 130928565 -705639521 -514515471 160586535 565009801 -351677805 948572090 890132875 297044362 563563396 -754323712 -171286702 -765660459 273827942 187445749 -220388754 180582098 762304396 837329652 -74468418 -741953365 -334121277 178028821 328319829 -880871013 696737098 -900617545 -513698609 -985718268 80349770 549841577 527618201 711694357 363617007 -449954617 -709192449
50
0 0 441475241 263195072 -673578717 182444893 -115196279 756473871 -303278899 466692506 -918939201 674773413 680519227 -206176580 768022004 144107970 639223102 666838542 734683729 -752706563 -518119321 888451466 -300851595 -60085404 510131945 846889760 610559125 -754447918 -38429363 471338356 -291337295 798904334 446819325 -414792971 482600347 -692477674 723999856 621184775 248067159 -347906123 -736111048 730169767 -335158358 -975282255 978987397 608182779 273527205 176092357 344002848 433609237
44
723193564 985770525 -493089484 943312379 94447486 766684925 -299608420 -90859254 841834195 98947076 -389619520 -936632894 -89189334 484175934 900102639 -360120880 925094340 852546720 901825818 -408420015 -722635915 88635185 826648448 89810975 282778525 -218762140 788180219 602474345 279059654 -802354903 528944458 29342703 -849928757 887177778 688495803 933775059 936348566 394264059 -143334283 811195551 480227142 561981413 699318056 -755589723
49
0 0 0 0 0 173406320 598448353 876790304 -962179554 -306924862 524231388 -456174556 356889516 16958753 -649651792 937066888 -126688612 -466607365 692243985 183587505 -290559680 -750605607 -307880845 -8595221 834317572 234974211 -476830691 359128520 -352096754 28132617 11453729 -483743523 409552498 -136291122 380324097 -784710335 627010970 -79768289 67886086 -39203958 802217346 -615274470 700871451 104899089 804322159 334665163 -473585575 -976371077 251331190
38
228784761 293643280 -869759857 -607482494 -357177497 -845586778 -221542039 936338154 -158294624 450612926 850380275 244761780 -679906399 -213598316 403533795 157117379 -222530932 638090487 -210529965 -861037949 -624534754 -239421228 911188788 -50115043 -240077403 -367787828 902800535 -675749092 -365957054 -853969814 709075594 -88996889 968580757 -381863842 104860205 -941220651 294690180 -245238053
44
0 0 994877187 -532451428 -314842135 -110337708 -17986582 -9647689 -295136 613822355 645900313 -240182788 252733086 -361845933 -33380532 -584132514 106403578 682098340 -161909034 838183039 -522147493 -116494417 -428209767 694445249 -237835688 688141129 -368124603 64288492 237130846 -822079056 -797971055 -32458479 984855265 -265072089 -721727461 -53418631 -47697683 804151998 554451746 -702568350 -646228117 -20860207 553708699 -478909315
47
654614684 493501659 -349010398 -598238518 -129835250 -62653042 -4020967 213012206 -68615933 191556274 -266157162 609421665 226034209 -369122078 324720481 -200154942 955017131 -502624116 101968948 782917904 530689000 585415610 127286594 -607690189 -158137234 -74961479 -195860494 -460353893 -390993726 -776892661 -314022224 214040716 -129694176 -23822463 -248566844 -120287 -39713706 812331778 -775672414 -5009967 -26791340 -25965276 -5793082 -9844837 -1968214 583926050 -95804807
41
-437795396 616973778 957435609 -324498574 256643434 667979705 -737963151 432278530 577225087 979205138 -189322041 -9781518 189930413 587521679 -76283256 -443376630 412909556 -480764274 -186568727 579700808 202604949 478019904 491192350 -687181603 -213457583 696663635 -952553870 -359706671 -363257229 713912934 902714918 962083237 -740009604 197498281 520185952 116884879 -703730856 803390552 -396293830 -894018180 -404723858
45
-670128834 763226405 -135873424 -391714838 339453876 718444384 -608750203 -532871578 -130991816 -552981926 -489947154 -500779706 -653545721 -674697565 -680303935 -77959925 69003965 698557680 -800923306 -373944324 321955694 444394151 -463973060 -853579260 -840392752 166222313 -603556225 745359981 -80585575 -930267464 -709274367 751299881 -75083922 455500718 738616283 -325831565 -924434642 296330249 891457912 949698999 687847282 528951336 291042924 148758716 -840631395
47
0 0 551222919 -332425304 -24684573 -120966877 -54690563 358812028 -275885032 -29712285 251969544 -125164729 -54445255 -64643131 977428395 -498333420 -225819093 -115087877 354210167 -119704357 360132939 862392154 -985810647 376184727 890626027 -516989714 729538757 -634945363 155860324 -737340960 -862439693 -45593104 -19749217 -2317736 -12684824 -3105258 -2962347 -474675 501289600 -45346181 -240756847 404449137 405065563 531318775 -151536085 -559033557 816508841
46
811099841 -168800547 -403983512 -290140128 -218734923 -832410295 881790038 -646325893 -730100925 -405638176 -413405581 -136892109 626333226 354449183 485290484 -162213066 -587658044 876538573 -247776421 65929758 271029603 844820401 -582429160 706936157 -43718014 -96642592 -290833956 546356829 -598487839 681021506 931217252 -755280296 -430392189 598288427 889696887 -10041244 428680121 -547324738 -406493858 -200997552 -557576643 -835215206 -500922355 -119716741 -890166275 -365623648
40
767147578 641372935 227661145 -699427672 -311109324 -66209230 500961796 974564878 -916526091 -433427416 597967933 765072540 407563072 -589558698 -227354073 134627870 741036952 551852446 176502810 318833476 -998410897 616781997 364514820 -545074555 523737899 857845448 -81777961 -419596677 314574955 193219626 -59769556 615122282 121632329 156034181 -264122801 -254035530 -419144147 -413742395 517231120 580867039
42
568449357 -36261082 318822376 955671540 -871394916 -910036334 789938974 -358524215 46220662 -207156215 751148432 -50183586 -433641091 -46100080 -379902670 -79600938 544746701 608987746 -226295476 -800354525 -66921414 -120903 -112256217 59253719 134629680 -29378234 490168688 -359181421 928337639 -514456140 60003949 726017249 -726422962 276801505 -95779323 -456546901 -447441994 766350164 -49711660 -116841561 739443053 431318350
39
0 0 0 481331376 10538134 -177773640 216407815 103856053 158608906 -732442930 -52026385 -6583269 -486708 717694987 -356590588 221686653 -46185557 -428400522 -102189992 713248722 -239527072 980536193 158159068 -45664521 425070442 892314900 -931077384 266195367 -330690126 961301405 -333482101 -311649358 -805207182 419416291 438460775 -943266509 464934968 8048048 -307930836
40
465747664 136185415 -286573906 597296936 -815680472 -77775192 804479574 633160568 -240943954 359661077 356755402 -476519342 -958576766 -470118232 -9742507 588978439 -241165177 -121951341 -218969063 248452993 124954495 -132044062 -18013104 173695665 578184627 -605158849 -327455199 497641302 130333296 913391595 933975505 -200750942 -601641013 235884144 269027313 919283033 72349191 172812842 -155161288 -762489594
45
-462928945 -817170007 -463995216 -804087009 -494526400 493429548 269954288 994160162 -351412989 -110989097 -502354907 -902707135 -862652954 907186205 715805262 -12613408 766980702 775069308 -883605597 333240449 -450807507 760150099 -713306424 19343774 8009511 -34597400 -473627520 -233755190 600835320 628027217 -316476977 -651395036 -618834679 -250463545 347874119 -415284090 -671982262 362433579 -356460461 904292442 -470052011 138213638 -136703978 15842577 867025573
45
52202774 130986178 490538082 -627572544 745142366 -681280582 -7217123 -53980452 -30105027 -15291482 456054033 415183112 -604945533 329989666 630439806 -34440552 104342625 766531645 -273970766 861761867 353139250 421784189 146624420 267457906 -390291876 -963311602 890617457 -197090980 463937089 -757260786 753453568 -312669859 -862557571 567866736 -998837134 -570439129 -16185230 971678722 810638482 211573400 -133320790 656460383 706534766 513872563 640539014
43
0 312105715 -159863426 229493032 597456544 -390824520 311945236 -402707277 -283047351 780397425 -882258948 753530542 341081171 -391296452 -365710474 106586739 909660577 283908486 352102137 223227065 -121607931 112842696 -917785340 -785346079 619123098 409720657 -190661354 -937915432 5519929 -238463575 171638847 -344563910 -34451921 663958787 -420369453 -18801606 90019742 -279181516 -86243627 -15247992 -3324230 883979091 -721505950
45
-91657095 -739874478 -347230837 -415978306 -700516665 -118323024 924493082 -169706691 277792376 379451459 161669048 -12850944 187223709 275027212 133853814 -967403578 251936557 295258137 973615597 80608525 -504353753 440066385 -624913944 -375434487 855222601 408398027 -955476814 471550239 -559192089 258129938 -511586295 742159983 564161622 -507381955 899267670 233564024 225578073 -405024448 201693619 199031997 812865253 555502535 -35055962 158222677 -589135068
40
320075034 -744753122 -308098024 -461634537 632642387 -724965893 861612693 226061401 -906317974 242038255 -421713816 -942001801 -485657285 453843623 747078847 36547938 -189807034 -103797131 487278958 -504926578 -514477764 -342556557 -558056561 297789882 -551770260 -367558582 984226905 -792601902 295029500 815870603 -801443982 221489601 409328990 -197450882 530386240 73229220 -167932580 -645371411 501396809 673644817
43
844761155 -729964859 501652143 -276250932 934737320 -609088792 -26143983 -251020237 288884368 -121752365 820297781 316540814 -883587510 -685445951 64664719 413742575 657772737 -141246688 -52899691 -623765366 -297086099 233165126 -377571536 -268755 228374558 -199633928 975073980 243780861 -467952159 179903068 -535995957 -321878466 -69408257 514649431 -467020942 -56751171 -6005798 -12430684 -1031523 154920016 35635606 -120736453 -72103152
48
594738843 970292599 -449138113 733814566 985882477 -336664643 -923394402 164718726 969761062 147990472 86054889 -942241568 -368954427 -124250660 180461230 865031943 162839597 144338060 -981425707 -396852914 -178580634 169167015 -384034838 -793494433 144499938 -54685211 -141660700 -63556999 -238224138 990204197 331748339 -755157732 396862398 -209391489 606326761 678194974 414795225 541308080 289895734 315207682 792619627 810898032 -586460243 -844247890 -714124228 -682713545 -345327682 801397439
49
361927742 -986181386 -41738205 911480207 -672259319 -980324493 496895801 -201116312 -537037416 567933646 50032643 -817395850 8595723 717430745 809012858 -347822358 -93468284 39829356 -687730705 -200657504 -878028246 -225857388 -666929190 -937117621 217195237 660697972 303648307 -813384890 -746835960 -48101409 -809750021 -995421024 315074057 -569315050 -81839032 306097887 -100315403 168682127 -97176634 765526985 997957597 499678007 -498674384 702077436 951256895 329548811 502895921 790689417 468358675
43
-612266603 -976338807 -927008639 42946478 -69040209 14106829 52074088 858946898 -867943726 264251372 665759124 387061093 378510395 -364397891 -281068310 249096061 327990422 -355544851 885296506 352121911 814137682 175876176 148783690 -152035598 -665467578 -638362244 -463165613 426083180 700987827 395406377 192668609 -218214108 -624651425 -438261652 246819327 490912762 -640694434 -230543609 825201811 -929783987 -167846234 -287885136 196390522
39
159098345 -682243240 102977255 -327534658 -25328261 -972174380 763667563 349141587 6588677 -575505689 -820783546 569971496 -339820243 -91727850 -501733336 -826423118 -681406032 558450647 -532783049 13941001 264267453 -946752663 -159808658 -783359184 -337288801 -809479435 -75014455 -679766476 223601544 300614408 -530166733 785057751 -661677574 423014878 -577716546 -104364400 241249766 -518646346 -81978938
39
0 792037917 -450848545 797661828 -341375161 915547624 615500815 -886216352 235563037 874019350 968489617 764893375 -560791410 367846159 177102500 -640337119 206501283 -358175669 -230715898 -152409671 -976020219 541135698 -811612461 -960316518 -364975294 -25980068 -81195823 -37549831 -10384152 -85895131 -1518014 -228233702 -11679367 -12627726 185749431 -26652453 -56793459 -104303250 205712648
45
-886290601 279349217 -532119269 -175628967 -462242342 -338919761 276244303 382739833 546584216 319270168 -555956137 -443539396 141799501 -445647119 -715652099 -928183754 571463273 -548388256 -75050801 -344517687 783311586 -130087828 -559433741 742468368 -940174231 101727636 -199155505 -626467117 -119713250 722212432 933557719 -495540067 611613131 -485081882 -111404221 -164981055 749412981 639890970 -261996674 -724288647 -493297660 -212545614 -5419900 -931919404 67213358
50
0 0 0 0 197256793 -65412554 772809394 508953129 -109908356 334289039 -622152166 870198653 769117759 -16302472 936058647 -850360274 301968219 996716070 -148576614 56832996 251511354 682394890 241438745 465381618 971986487 873841822 -917251051 765730226 858571996 773989102 180145675 -492832989 -825816229 -950666253 280743112 542776032 -81281447 -456811244 552113901 923837384 378131110 -504956101 -515125401 -484953092 -62584064 -225836713 712875997 831821667 -671036704 310235855
40
0 130758987 -40505494 -70740910 -236800 569960970 220661913 476010846 -622798334 985459901 -892834573 -607888556 -87934479 385066057 832173346 574971934 737279172 -586576589 -145044794 321819739 467741384 -230542120 -757012179 738658210 2616929 130138116 727925914 -109606721 448173754 699549190 -78437169 -54071280 -296107651 -53925405 349326303 117009627 -304777818 -722335831 615575277 -267580081
50
0 0 335022537 591340219 32497950 621907664 722486485 -989091472 -366827389 989375909 -262772179 -50112550 -776543879 -320658988 117845947 -558823593 -54238228 -21729329 -2979463 887385148 -563043611 551372691 -624329653 513002235 -165557691 -329616951 604255411 -638301294 611613583 851395931 957541671 81342513 499391521 -435262694 749085739 939990815 -56449948 242417946 -384395173 -924916632 779983214 -208141379 -99013216 66891908 953862539 511406544 -63562766 863822241 407244568 -971474610
45
0 903318028 -732469256 719708095 739732289 -568995603 -879029804 -73617260 -87469632 707995843 -437616059 -210315123 218337693 -68297862 -207933171 -7028136 -2832814 610782600 152528031 735702710 -157441357 -146121862 640936629 -904773912 372234348 474725824 -370515651 65148796 -335493179 -557282218 -231224614 104536446 384624401 562719048 -627469169 -567381690 729613704 572266090 43188438 -630986608 521297886 920229676 -404224141 935406072 -682971296
44
522896187 906664292 389159166 -867163144 -265088728 -339730864 474774658 -812661760 504972165 -260717030 -44481741 939821603 639943885 456558876 -187974101 -909826226 909019895 -486796870 483611253 -429671393 -514035883 548083839 758404026 -711767500 890982858 416739605 -291931405 807662547 101057655 36986872 680034972 -355790624 -275163332 526571131 -526273776 -446855450 344511215 -724741069 -846424312 223221886 -404284245 511210122 -757680167 417694474
43
758130263 857608939 -65196340 -51294394 -389077260 -150705893 549943701 256913613 -241878603 662483157 -585038724 -712087667 -673760897 -70691468 328067697 590533388 -201672829 -367021908 -513818052 833712820 -136390253 684150264 -521537436 221737248 -485225757 366330350 -364859177 565961118 -366251459 333594552 888896483 -303355262 6393511 -74180519 94959916 -301020016 689208638 493377294 188865895 713305545 61475950 -293149799 498082987
38
758669633 -455280096 447946681 953465439 -932833404 -222021008 -541080996 464068550 587034978 -484663937 940044602 -312387874 266070766 928203509 -348381778 -887046409 159905611 638938332 -911894671 99272848 557372692 589971082 17830361 -436323834 -541002232 -859913315 436401830 71146896 -913161313 -3015832 40098777 -63987889 336611920 -170185335 18634807 835633710 641521312 33818535
41
0 452119168 424979840 -757941790 -44522837 -15141502 -10475672 -41605960 -1059579 -2044791 -3639816 129178299 937103913 154557207 -494426467 976520352 -223067133 428004681 -191469848 -162978960 623328267 -680807874 -773162689 -107934410 -279496171 -227640785 -103621172 446420657 -91363411 -140300300 10835487 -227649537 330700389 568510314 780054664 878684725 612710129 -262088480 595943866 -831123436 -512294273
49
-904556499 -378059051 265770356 -172688606 -979365537 -423246442 -645591490 316467551 309476553 -933965965 766136246 -680739068 379581525 58493555 -669323167 -54803872 -704264357 -87341801 -956045705 -716607189 -294460247 282540038 -268475778 -564430945 -923749201 579230359 665759669 -307293379 716004188 -972206268 -928018908 195041814 489869726 -273172770 -618403556 402986824 754282522 74274511 677143738 -799580856 -178082599 -340380718 -163344554 768501651 -495924874 251452029 -719001071 -211490742 -167955458
49
-238614047 -809685789 -262341331 397179988 361167939 667190726 -371416414 396129909 499002214 970671677 787433901 -298542267 -467184803 -834981844 -12783077 -788987734 579708327 629918777 743576643 928548659 -198488694 -988310550 951424692 579687653 492554290 -619430352 906310138 -787165719 638650186 -110695596 -295890935 -84459156 187125161 142829471 -526985042 -442395324 575799031 -684965307 90170194 -600302200 -311485907 -937198825 -297150852 -8320763 390163540 -335527322 -282847561 -53657934 668706922
42
-848076991 684379894 -136326613 196753678 863387536 -800676604 819125156 53664358 881558237 -405945402 951504444 -676656482 135505552 591955226 262390807 697407456 -629107789 889744338 789905952 897192347 -405451198 -936592207 187209864 -916650038 -825782054 -209300438 -407975266 78812829 708003034 56097143 636796378 965935691 184675378 777876142 -18819980 837138258 -262758384 -296593970 587414287 -106211250 -544472008 748584394
50
989673017 -534970306 568761171 666238534 -612441087 -42917243 592900542 620347333 -258697564 -960017519 564579844 -300559086 -724501559 502658454 -562099649 831663640 934814890 515417172 -868427063 -908719772 784430226 672248391 815755989 71100164 -311755943 -215412290 -588630230 147090319 -265100309 863025045 314461387 621025734 -887200908 834365617 -533015192 -170189168 384511898 -143240087 -990795306 -61133213 928340705 727417056 351374474 279954865 302361607 -633618310 -240828686 18733365 466223093 -366154013
