12 11
1 2 1 44
1 3 1 48
1 4 1 22
1 5 1 47
1 6 1 61
1 7 1 22
1 8 1 41
1 9 1 7
1 10 1 72
1 11 1 21
1 12 1 2
2 1 1 26
2 3 1 57
2 4 1 45
2 5 1 40
2 6 1 61
2 7 1 9
2 8 1 1
2 9 1 49
2 10 1 41
2 11 1 7
2 12 1 52
3 1 1 98
3 2 1 51
3 4 1 69
3 5 1 30
3 6 1 26
3 7 1 70
3 8 1 25
3 9 1 17
3 10 1 97
3 11 1 33
3 12 1 63
4 1 1 75
4 2 1 81
4 3 1 80
4 5 1 70
4 6 1 15
4 7 1 67
4 8 1 57
4 9 1 39
4 10 1 10
4 11 1 71
4 12 1 92
5 1 1 29
5 2 1 51
5 3 1 98
5 4 1 65
5 6 1 57
5 7 1 75
5 8 1 7
5 9 1 22
5 10 1 12
5 11 1 2
5 12 1 62
6 1 1 27
6 2 1 78
6 3 1 35
6 4 1 66
6 5 1 87
6 7 1 24
6 8 1 68
6 9 1 32
6 10 1 43
6 11 1 100
6 12 1 4
7 1 1 47
7 2 1 67
7 3 1 99
7 4 1 86
7 5 1 1
7 6 1 86
7 8 1 23
7 9 1 5
7 10 1 41
7 11 1 84
7 12 1 74
8 1 1 39
8 2 1 54
8 3 1 55
8 4 1 96
8 5 1 71
8 6 1 16
8 7 1 8
8 9 1 90
8 10 1 14
8 11 1 9
8 12 1 36
9 1 1 6
9 2 1 57
9 3 1 63
9 4 1 81
9 5 1 96
9 6 1 86
9 7 1 83
9 8 1 16
9 10 1 57
9 11 1 46
9 12 1 98
10 1 1 20
10 2 1 93
10 3 1 39
10 4 1 50
10 5 1 63
10 6 1 74
10 7 1 35
10 8 1 82
10 9 1 28
10 11 1 2
10 12 1 40
11 1 1 5
11 2 1 80
11 3 1 50
11 4 1 92
11 5 1 42
11 6 1 32
11 7 1 92
11 8 1 56
11 9 1 21
11 10 1 39
11 12 1 79
12 1 1 15
12 2 1 26
12 3 1 76
12 4 1 85
12 5 1 89
12 6 1 89
12 7 1 71
12 8 1 60
12 9 1 65
12 10 1 63
12 11 1 7
